{
  "size_5": [
    {
      "problem_id": "tsp_5_0",
      "size": 5,
      "coordinates": {
        "0": [
          63,
          -72
        ],
        "1": [
          -94,
          89
        ],
        "2": [
          -30,
          -38
        ],
        "3": [
          -43,
          -65
        ],
        "4": [
          88,
          -74
        ]
      },
      "prompt": "You are solving a Traveling Salesperson Problem (TSP). Your goal is to find the shortest possible route that visits each city exactly once and returns to the starting city.\n\n## Problem Setup\nGiven 5 nodes with coordinates:\nNode: 0: (63, -72)\nNode: 1: (-94, 89)\nNode: 2: (-30, -38)\nNode: 3: (-43, -65)\nNode: 4: (88, -74)\n\n\n## Distance Matrix\nThe matrix below shows the distance between each pair of nodes:\n           0     1     2     3     4\n0       0.0 224.9  99.0 106.2  25.1\n1     224.9   0.0 142.2 162.2 244.3\n2      99.0 142.2   0.0  30.0 123.4\n3     106.2 162.2  30.0   0.0 131.3\n4      25.1 244.3 123.4 131.3   0.0 \n\n\n## Previous Solutions\nThese routes have already been tried:\nRoute: 0,2,3,4,1,0 with total length: 729\nRoute: 0,4,2,3,1,0 with total length: 566\nRoute: 0,4,1,3,2,0 with total length: 561\n\n\n## Requirements\n- Start and end at node 0\n- Visit each node exactly once before returning to node 0\n- Provide a route with a total distance lower than 561\n- Your solution must be different from the previous routes\n\n## Output Format\nThink through your approach step by step, showing your calculations. Then provide your final solution in exactly this format:\n<reasoning>\nreasoning process\n</reasoning>\n<trace>\n0,X,X,X,X,X,X,X,X,X,0\n</trace>\n",
      "reference_distance": 561,
      "solution": {
        "path": [
          0,
          3,
          2,
          1,
          4,
          0
        ],
        "distance": 548
      }
    },
    {
      "problem_id": "tsp_5_1",
      "size": 5,
      "coordinates": {
        "0": [
          73,
          89
        ],
        "1": [
          39,
          -78
        ],
        "2": [
          51,
          8
        ],
        "3": [
          -92,
          -93
        ],
        "4": [
          -77,
          -45
        ]
      },
      "prompt": "You are solving a Traveling Salesperson Problem (TSP). Your goal is to find the shortest possible route that visits each city exactly once and returns to the starting city.\n\n## Problem Setup\nGiven 5 nodes with coordinates:\nNode: 0: (73, 89)\nNode: 1: (39, -78)\nNode: 2: (51, 8)\nNode: 3: (-92, -93)\nNode: 4: (-77, -45)\n\n\n## Distance Matrix\nThe matrix below shows the distance between each pair of nodes:\n           0     1     2     3     4\n0       0.0 170.4  83.9 245.7 201.1\n1     170.4   0.0  86.8 131.9 120.6\n2      83.9  86.8   0.0 175.1 138.5\n3     245.7 131.9 175.1   0.0  50.3\n4     201.1 120.6 138.5  50.3   0.0 \n\n\n## Previous Solutions\nThese routes have already been tried:\nRoute: 0,1,4,3,2,0 with total length: 600\nRoute: 0,1,3,4,2,0 with total length: 575\nRoute: 0,4,3,1,2,0 with total length: 554\n\n\n## Requirements\n- Start and end at node 0\n- Visit each node exactly once before returning to node 0\n- Provide a route with a total distance lower than 554\n- Your solution must be different from the previous routes\n\n## Output Format\nThink through your approach step by step, showing your calculations. Then provide your final solution in exactly this format:\n<reasoning>\nreasoning process\n</reasoning>\n<trace>\n0,X,X,X,X,X,X,X,X,X,0\n</trace>\n",
      "reference_distance": 554,
      "solution": {
        "path": [
          0,
          2,
          1,
          3,
          4,
          0
        ],
        "distance": 554
      }
    },
    {
      "problem_id": "tsp_5_4",
      "size": 5,
      "coordinates": {
        "0": [
          -13,
          -29
        ],
        "1": [
          -61,
          -45
        ],
        "2": [
          95,
          -14
        ],
        "3": [
          -74,
          -77
        ],
        "4": [
          -3,
          -76
        ]
      },
      "prompt": "You are solving a Traveling Salesperson Problem (TSP). Your goal is to find the shortest possible route that visits each city exactly once and returns to the starting city.\n\n## Problem Setup\nGiven 5 nodes with coordinates:\nNode: 0: (-13, -29)\nNode: 1: (-61, -45)\nNode: 2: (95, -14)\nNode: 3: (-74, -77)\nNode: 4: (-3, -76)\n\n\n## Distance Matrix\nThe matrix below shows the distance between each pair of nodes:\n           0     1     2     3     4\n0       0.0  50.6 109.0  77.6  48.1\n1      50.6   0.0 159.1  34.5  65.8\n2     109.0 159.1   0.0 180.4 116.0\n3      77.6  34.5 180.4   0.0  71.0\n4      48.1  65.8 116.0  71.0   0.0 \n\n\n## Previous Solutions\nThese routes have already been tried:\nRoute: 0,4,1,2,3,0 with total length: 531\nRoute: 0,3,2,4,1,0 with total length: 490\nRoute: 0,3,1,4,2,0 with total length: 403\n\n\n## Requirements\n- Start and end at node 0\n- Visit each node exactly once before returning to node 0\n- Provide a route with a total distance lower than 403\n- Your solution must be different from the previous routes\n\n## Output Format\nThink through your approach step by step, showing your calculations. Then provide your final solution in exactly this format:\n<reasoning>\nreasoning process\n</reasoning>\n<trace>\n0,X,X,X,X,X,X,X,X,X,0\n</trace>\n",
      "reference_distance": 403,
      "solution": {
        "path": [
          0,
          1,
          3,
          4,
          2,
          0
        ],
        "distance": 381
      }
    },
    {
      "problem_id": "tsp_5_6",
      "size": 5,
      "coordinates": {
        "0": [
          -80,
          41
        ],
        "1": [
          -25,
          60
        ],
        "2": [
          58,
          -8
        ],
        "3": [
          47,
          -51
        ],
        "4": [
          80,
          -83
        ]
      },
      "prompt": "You are solving a Traveling Salesperson Problem (TSP). Your goal is to find the shortest possible route that visits each city exactly once and returns to the starting city.\n\n## Problem Setup\nGiven 5 nodes with coordinates:\nNode: 0: (-80, 41)\nNode: 1: (-25, 60)\nNode: 2: (58, -8)\nNode: 3: (47, -51)\nNode: 4: (80, -83)\n\n\n## Distance Matrix\nThe matrix below shows the distance between each pair of nodes:\n           0     1     2     3     4\n0       0.0  58.2 146.4 156.8 202.4\n1      58.2   0.0 107.3 132.3 177.4\n2     146.4 107.3   0.0  44.4  78.2\n3     156.8 132.3  44.4   0.0  46.0\n4     202.4 177.4  78.2  46.0   0.0 \n\n\n## Previous Solutions\nThese routes have already been tried:\nRoute: 0,4,2,3,1,0 with total length: 515\nRoute: 0,1,4,2,3,0 with total length: 515\nRoute: 0,3,4,2,1,0 with total length: 446\n\n\n## Requirements\n- Start and end at node 0\n- Visit each node exactly once before returning to node 0\n- Provide a route with a total distance lower than 446\n- Your solution must be different from the previous routes\n\n## Output Format\nThink through your approach step by step, showing your calculations. Then provide your final solution in exactly this format:\n<reasoning>\nreasoning process\n</reasoning>\n<trace>\n0,X,X,X,X,X,X,X,X,X,0\n</trace>\n",
      "reference_distance": 446,
      "solution": {
        "path": [
          0,
          3,
          4,
          2,
          1,
          0
        ],
        "distance": 446
      }
    },
    {
      "problem_id": "tsp_5_9",
      "size": 5,
      "coordinates": {
        "0": [
          74,
          65
        ],
        "1": [
          -82,
          55
        ],
        "2": [
          62,
          -57
        ],
        "3": [
          36,
          86
        ],
        "4": [
          -38,
          -59
        ]
      },
      "prompt": "You are solving a Traveling Salesperson Problem (TSP). Your goal is to find the shortest possible route that visits each city exactly once and returns to the starting city.\n\n## Problem Setup\nGiven 5 nodes with coordinates:\nNode: 0: (74, 65)\nNode: 1: (-82, 55)\nNode: 2: (62, -57)\nNode: 3: (36, 86)\nNode: 4: (-38, -59)\n\n\n## Distance Matrix\nThe matrix below shows the distance between each pair of nodes:\n           0     1     2     3     4\n0       0.0 156.3 122.6  43.4 167.1\n1     156.3   0.0 182.4 122.0 122.2\n2     122.6 182.4   0.0 145.3 100.0\n3      43.4 122.0 145.3   0.0 162.8\n4     167.1 122.2 100.0 162.8   0.0 \n\n\n## Previous Solutions\nThese routes have already been tried:\nRoute: 0,4,1,3,2,0 with total length: 679\nRoute: 0,1,2,4,3,0 with total length: 645\nRoute: 0,3,4,2,1,0 with total length: 645\n\n\n## Requirements\n- Start and end at node 0\n- Visit each node exactly once before returning to node 0\n- Provide a route with a total distance lower than 645\n- Your solution must be different from the previous routes\n\n## Output Format\nThink through your approach step by step, showing your calculations. Then provide your final solution in exactly this format:\n<reasoning>\nreasoning process\n</reasoning>\n<trace>\n0,X,X,X,X,X,X,X,X,X,0\n</trace>\n",
      "reference_distance": 645,
      "solution": {
        "path": [
          0,
          2,
          4,
          1,
          3,
          0
        ],
        "distance": 510
      }
    }
  ],
  "size_6": [
    {
      "problem_id": "tsp_6_0",
      "size": 6,
      "coordinates": {
        "0": [
          18,
          -3
        ],
        "1": [
          -31,
          63
        ],
        "2": [
          76,
          42
        ],
        "3": [
          -44,
          75
        ],
        "4": [
          -17,
          96
        ],
        "5": [
          98,
          -86
        ]
      },
      "prompt": "You are solving a Traveling Salesperson Problem (TSP). Your goal is to find the shortest possible route that visits each city exactly once and returns to the starting city.\n\n## Problem Setup\nGiven 6 nodes with coordinates:\nNode: 0: (18, -3)\nNode: 1: (-31, 63)\nNode: 2: (76, 42)\nNode: 3: (-44, 75)\nNode: 4: (-17, 96)\nNode: 5: (98, -86)\n\n\n## Distance Matrix\nThe matrix below shows the distance between each pair of nodes:\n           0     1     2     3     4     5\n0       0.0  82.2  73.4  99.6 105.0 115.3\n1      82.2   0.0 109.0  17.7  35.8 197.1\n2      73.4 109.0   0.0 124.5 107.5 129.9\n3      99.6  17.7 124.5   0.0  34.2 214.7\n4     105.0  35.8 107.5  34.2   0.0 215.3\n5     115.3 197.1 129.9 214.7 215.3   0.0 \n\n\n## Previous Solutions\nThese routes have already been tried:\nRoute: 0,1,5,4,2,3,0 with total length: 826\nRoute: 0,5,3,2,4,1,0 with total length: 680\nRoute: 0,5,1,4,3,2,0 with total length: 580\n\n\n## Requirements\n- Start and end at node 0\n- Visit each node exactly once before returning to node 0\n- Provide a route with a total distance lower than 580\n- Your solution must be different from the previous routes\n\n## Output Format\nThink through your approach step by step, showing your calculations. Then provide your final solution in exactly this format:\n<reasoning>\nreasoning process\n</reasoning>\n<trace>\n0,X,X,X,X,X,X,X,X,X,0\n</trace>\n",
      "reference_distance": 580,
      "solution": {
        "path": [
          0,
          1,
          3,
          4,
          2,
          5,
          0
        ],
        "distance": 487
      }
    },
    {
      "problem_id": "tsp_6_1",
      "size": 6,
      "coordinates": {
        "0": [
          -42,
          -92
        ],
        "1": [
          -20,
          2
        ],
        "2": [
          -32,
          -84
        ],
        "3": [
          -46,
          45
        ],
        "4": [
          83,
          -20
        ],
        "5": [
          -46,
          67
        ]
      },
      "prompt": "You are solving a Traveling Salesperson Problem (TSP). Your goal is to find the shortest possible route that visits each city exactly once and returns to the starting city.\n\n## Problem Setup\nGiven 6 nodes with coordinates:\nNode: 0: (-42, -92)\nNode: 1: (-20, 2)\nNode: 2: (-32, -84)\nNode: 3: (-46, 45)\nNode: 4: (83, -20)\nNode: 5: (-46, 67)\n\n\n## Distance Matrix\nThe matrix below shows the distance between each pair of nodes:\n           0     1     2     3     4     5\n0       0.0  96.5  12.8 137.1 144.3 159.1\n1      96.5   0.0  86.8  50.2 105.3  70.0\n2      12.8  86.8   0.0 129.8 131.6 151.6\n3     137.1  50.2 129.8   0.0 144.5  22.0\n4     144.3 105.3 131.6 144.5   0.0 155.6\n5     159.1  70.0 151.6  22.0 155.6   0.0 \n\n\n## Previous Solutions\nThese routes have already been tried:\nRoute: 0,1,4,3,2,5,0 with total length: 787\nRoute: 0,4,1,3,2,5,0 with total length: 740\nRoute: 0,1,3,5,4,2,0 with total length: 469\n\n\n## Requirements\n- Start and end at node 0\n- Visit each node exactly once before returning to node 0\n- Provide a route with a total distance lower than 469\n- Your solution must be different from the previous routes\n\n## Output Format\nThink through your approach step by step, showing your calculations. Then provide your final solution in exactly this format:\n<reasoning>\nreasoning process\n</reasoning>\n<trace>\n0,X,X,X,X,X,X,X,X,X,0\n</trace>\n",
      "reference_distance": 469,
      "solution": {
        "path": [
          0,
          1,
          3,
          5,
          4,
          2,
          0
        ],
        "distance": 469
      }
    },
    {
      "problem_id": "tsp_6_3",
      "size": 6,
      "coordinates": {
        "0": [
          91,
          49
        ],
        "1": [
          9,
          49
        ],
        "2": [
          2,
          -8
        ],
        "3": [
          -44,
          -65
        ],
        "4": [
          30,
          26
        ],
        "5": [
          -77,
          93
        ]
      },
      "prompt": "You are solving a Traveling Salesperson Problem (TSP). Your goal is to find the shortest possible route that visits each city exactly once and returns to the starting city.\n\n## Problem Setup\nGiven 6 nodes with coordinates:\nNode: 0: (91, 49)\nNode: 1: (9, 49)\nNode: 2: (2, -8)\nNode: 3: (-44, -65)\nNode: 4: (30, 26)\nNode: 5: (-77, 93)\n\n\n## Distance Matrix\nThe matrix below shows the distance between each pair of nodes:\n           0     1     2     3     4     5\n0       0.0  82.0 105.7 176.7  65.2 173.7\n1      82.0   0.0  57.4 125.7  31.1  96.6\n2     105.7  57.4   0.0  73.2  44.0 128.2\n3     176.7 125.7  73.2   0.0 117.3 161.4\n4      65.2  31.1  44.0 117.3   0.0 126.2\n5     173.7  96.6 128.2 161.4 126.2   0.0 \n\n\n## Previous Solutions\nThese routes have already been tried:\nRoute: 0,3,4,5,2,1,0 with total length: 688\nRoute: 0,2,5,1,3,4,0 with total length: 639\nRoute: 0,4,2,1,3,5,0 with total length: 627\n\n\n## Requirements\n- Start and end at node 0\n- Visit each node exactly once before returning to node 0\n- Provide a route with a total distance lower than 627\n- Your solution must be different from the previous routes\n\n## Output Format\nThink through your approach step by step, showing your calculations. Then provide your final solution in exactly this format:\n<reasoning>\nreasoning process\n</reasoning>\n<trace>\n0,X,X,X,X,X,X,X,X,X,0\n</trace>\n",
      "reference_distance": 627,
      "solution": {
        "path": [
          0,
          1,
          5,
          3,
          2,
          4,
          0
        ],
        "distance": 522
      }
    },
    {
      "problem_id": "tsp_6_4",
      "size": 6,
      "coordinates": {
        "0": [
          -88,
          -72
        ],
        "1": [
          -61,
          60
        ],
        "2": [
          -60,
          74
        ],
        "3": [
          8,
          52
        ],
        "4": [
          -84,
          -2
        ],
        "5": [
          -3,
          52
        ]
      },
      "prompt": "You are solving a Traveling Salesperson Problem (TSP). Your goal is to find the shortest possible route that visits each city exactly once and returns to the starting city.\n\n## Problem Setup\nGiven 6 nodes with coordinates:\nNode: 0: (-88, -72)\nNode: 1: (-61, 60)\nNode: 2: (-60, 74)\nNode: 3: (8, 52)\nNode: 4: (-84, -2)\nNode: 5: (-3, 52)\n\n\n## Distance Matrix\nThe matrix below shows the distance between each pair of nodes:\n           0     1     2     3     4     5\n0       0.0 134.7 148.7 156.8  70.1 150.3\n1     134.7   0.0  14.0  69.5  66.1  58.5\n2     148.7  14.0   0.0  71.5  79.7  61.1\n3     156.8  69.5  71.5   0.0 106.7  11.0\n4      70.1  66.1  79.7 106.7   0.0  97.3\n5     150.3  58.5  61.1  11.0  97.3   0.0 \n\n\n## Previous Solutions\nThese routes have already been tried:\nRoute: 0,1,2,3,4,5,0 with total length: 575\nRoute: 0,1,4,3,5,2,0 with total length: 528\nRoute: 0,3,2,1,5,4,0 with total length: 468\n\n\n## Requirements\n- Start and end at node 0\n- Visit each node exactly once before returning to node 0\n- Provide a route with a total distance lower than 468\n- Your solution must be different from the previous routes\n\n## Output Format\nThink through your approach step by step, showing your calculations. Then provide your final solution in exactly this format:\n<reasoning>\nreasoning process\n</reasoning>\n<trace>\n0,X,X,X,X,X,X,X,X,X,0\n</trace>\n",
      "reference_distance": 468,
      "solution": {
        "path": [
          0,
          3,
          5,
          2,
          1,
          4,
          0
        ],
        "distance": 379
      }
    },
    {
      "problem_id": "tsp_6_9",
      "size": 6,
      "coordinates": {
        "0": [
          -8,
          -22
        ],
        "1": [
          -39,
          -86
        ],
        "2": [
          -39,
          45
        ],
        "3": [
          -80,
          -79
        ],
        "4": [
          87,
          24
        ],
        "5": [
          -83,
          94
        ]
      },
      "prompt": "You are solving a Traveling Salesperson Problem (TSP). Your goal is to find the shortest possible route that visits each city exactly once and returns to the starting city.\n\n## Problem Setup\nGiven 6 nodes with coordinates:\nNode: 0: (-8, -22)\nNode: 1: (-39, -86)\nNode: 2: (-39, 45)\nNode: 3: (-80, -79)\nNode: 4: (87, 24)\nNode: 5: (-83, 94)\n\n\n## Distance Matrix\nThe matrix below shows the distance between each pair of nodes:\n           0     1     2     3     4     5\n0       0.0  71.1  73.8  91.8 105.6 138.1\n1      71.1   0.0 131.0  41.6 167.3 185.3\n2      73.8 131.0   0.0 130.6 127.7  65.9\n3      91.8  41.6 130.6   0.0 196.2 173.0\n4     105.6 167.3 127.7 196.2   0.0 183.8\n5     138.1 185.3  65.9 173.0 183.8   0.0 \n\n\n## Previous Solutions\nThese routes have already been tried:\nRoute: 0,5,4,1,2,3,0 with total length: 843\nRoute: 0,2,3,4,5,1,0 with total length: 841\nRoute: 0,5,1,3,4,2,0 with total length: 763\n\n\n## Requirements\n- Start and end at node 0\n- Visit each node exactly once before returning to node 0\n- Provide a route with a total distance lower than 763\n- Your solution must be different from the previous routes\n\n## Output Format\nThink through your approach step by step, showing your calculations. Then provide your final solution in exactly this format:\n<reasoning>\nreasoning process\n</reasoning>\n<trace>\n0,X,X,X,X,X,X,X,X,X,0\n</trace>\n",
      "reference_distance": 763,
      "solution": {
        "path": [
          0,
          4,
          2,
          5,
          3,
          1,
          0
        ],
        "distance": 585
      }
    }
  ],
  "size_7": [
    {
      "problem_id": "tsp_7_2",
      "size": 7,
      "coordinates": {
        "0": [
          -37,
          -43
        ],
        "1": [
          -84,
          -14
        ],
        "2": [
          -95,
          50
        ],
        "3": [
          41,
          -42
        ],
        "4": [
          50,
          -44
        ],
        "5": [
          -99,
          -82
        ],
        "6": [
          81,
          61
        ]
      },
      "prompt": "You are solving a Traveling Salesperson Problem (TSP). Your goal is to find the shortest possible route that visits each city exactly once and returns to the starting city.\n\n## Problem Setup\nGiven 7 nodes with coordinates:\nNode: 0: (-37, -43)\nNode: 1: (-84, -14)\nNode: 2: (-95, 50)\nNode: 3: (41, -42)\nNode: 4: (50, -44)\nNode: 5: (-99, -82)\nNode: 6: (81, 61)\n\n\n## Distance Matrix\nThe matrix below shows the distance between each pair of nodes:\n           0     1     2     3     4     5     6\n0       0.0  55.2 109.6  78.0  87.0  73.2 157.3\n1      55.2   0.0  64.9 128.1 137.3  69.6 181.2\n2     109.6  64.9   0.0 164.2 172.8 132.1 176.3\n3      78.0 128.1 164.2   0.0   9.2 145.6 110.5\n4      87.0 137.3 172.8   9.2   0.0 153.8 109.5\n5      73.2  69.6 132.1 145.6 153.8   0.0 229.9\n6     157.3 181.2 176.3 110.5 109.5 229.9   0.0 \n\n\n## Previous Solutions\nThese routes have already been tried:\nRoute: 0,5,6,3,1,4,2,0 with total length: 961\nRoute: 0,4,2,3,6,1,5,0 with total length: 859\nRoute: 0,4,5,2,1,3,6,0 with total length: 834\n\n\n## Requirements\n- Start and end at node 0\n- Visit each node exactly once before returning to node 0\n- Provide a route with a total distance lower than 834\n- Your solution must be different from the previous routes\n\n## Output Format\nThink through your approach step by step, showing your calculations. Then provide your final solution in exactly this format:\n<reasoning>\nreasoning process\n</reasoning>\n<trace>\n0,X,X,X,X,X,X,X,X,X,0\n</trace>\n",
      "reference_distance": 834,
      "solution": {
        "path": [
          0,
          3,
          4,
          6,
          2,
          1,
          5,
          0
        ],
        "distance": 581
      }
    },
    {
      "problem_id": "tsp_7_4",
      "size": 7,
      "coordinates": {
        "0": [
          85,
          46
        ],
        "1": [
          47,
          21
        ],
        "2": [
          -38,
          100
        ],
        "3": [
          21,
          4
        ],
        "4": [
          -52,
          -76
        ],
        "5": [
          -76,
          68
        ],
        "6": [
          10,
          -10
        ]
      },
      "prompt": "You are solving a Traveling Salesperson Problem (TSP). Your goal is to find the shortest possible route that visits each city exactly once and returns to the starting city.\n\n## Problem Setup\nGiven 7 nodes with coordinates:\nNode: 0: (85, 46)\nNode: 1: (47, 21)\nNode: 2: (-38, 100)\nNode: 3: (21, 4)\nNode: 4: (-52, -76)\nNode: 5: (-76, 68)\nNode: 6: (10, -10)\n\n\n## Distance Matrix\nThe matrix below shows the distance between each pair of nodes:\n           0     1     2     3     4     5     6\n0       0.0  45.5 134.3  76.6 183.4 162.5  93.6\n1      45.5   0.0 116.0  31.1 138.6 131.7  48.3\n2     134.3 116.0   0.0 112.7 176.6  49.7 120.0\n3      76.6  31.1 112.7   0.0 108.3 116.2  17.8\n4     183.4 138.6 176.6 108.3   0.0 146.0  90.6\n5     162.5 131.7  49.7 116.2 146.0   0.0 116.1\n6      93.6  48.3 120.0  17.8  90.6 116.1   0.0 \n\n\n## Previous Solutions\nThese routes have already been tried:\nRoute: 0,3,4,1,2,5,6,0 with total length: 699\nRoute: 0,4,6,3,1,2,5,0 with total length: 651\nRoute: 0,4,6,3,1,5,2,0 with total length: 639\n\n\n## Requirements\n- Start and end at node 0\n- Visit each node exactly once before returning to node 0\n- Provide a route with a total distance lower than 639\n- Your solution must be different from the previous routes\n\n## Output Format\nThink through your approach step by step, showing your calculations. Then provide your final solution in exactly this format:\n<reasoning>\nreasoning process\n</reasoning>\n<trace>\n0,X,X,X,X,X,X,X,X,X,0\n</trace>\n",
      "reference_distance": 639,
      "solution": {
        "path": [
          0,
          1,
          3,
          6,
          4,
          5,
          2,
          0
        ],
        "distance": 515
      }
    },
    {
      "problem_id": "tsp_7_6",
      "size": 7,
      "coordinates": {
        "0": [
          -37,
          -51
        ],
        "1": [
          -52,
          37
        ],
        "2": [
          14,
          -65
        ],
        "3": [
          8,
          -54
        ],
        "4": [
          -29,
          18
        ],
        "5": [
          -37,
          -81
        ],
        "6": [
          13,
          40
        ]
      },
      "prompt": "You are solving a Traveling Salesperson Problem (TSP). Your goal is to find the shortest possible route that visits each city exactly once and returns to the starting city.\n\n## Problem Setup\nGiven 7 nodes with coordinates:\nNode: 0: (-37, -51)\nNode: 1: (-52, 37)\nNode: 2: (14, -65)\nNode: 3: (8, -54)\nNode: 4: (-29, 18)\nNode: 5: (-37, -81)\nNode: 6: (13, 40)\n\n\n## Distance Matrix\nThe matrix below shows the distance between each pair of nodes:\n           0     1     2     3     4     5     6\n0       0.0  89.3  52.9  45.1  69.5  30.0 103.8\n1      89.3   0.0 121.5 109.0  29.8 118.9  65.1\n2      52.9 121.5   0.0  12.5  93.5  53.5 105.0\n3      45.1 109.0  12.5   0.0  81.0  52.5  94.1\n4      69.5  29.8  93.5  81.0   0.0  99.3  47.4\n5      30.0 118.9  53.5  52.5  99.3   0.0 130.9\n6     103.8  65.1 105.0  94.1  47.4 130.9   0.0 \n\n\n## Previous Solutions\nThese routes have already been tried:\nRoute: 0,4,5,3,6,1,2,0 with total length: 555\nRoute: 0,6,3,2,5,1,4,0 with total length: 482\nRoute: 0,2,5,3,6,4,1,0 with total length: 419\n\n\n## Requirements\n- Start and end at node 0\n- Visit each node exactly once before returning to node 0\n- Provide a route with a total distance lower than 419\n- Your solution must be different from the previous routes\n\n## Output Format\nThink through your approach step by step, showing your calculations. Then provide your final solution in exactly this format:\n<reasoning>\nreasoning process\n</reasoning>\n<trace>\n0,X,X,X,X,X,X,X,X,X,0\n</trace>\n",
      "reference_distance": 419,
      "solution": {
        "path": [
          0,
          4,
          1,
          6,
          3,
          2,
          5,
          0
        ],
        "distance": 354
      }
    },
    {
      "problem_id": "tsp_7_7",
      "size": 7,
      "coordinates": {
        "0": [
          -75,
          -88
        ],
        "1": [
          66,
          38
        ],
        "2": [
          -97,
          -77
        ],
        "3": [
          92,
          -40
        ],
        "4": [
          -58,
          4
        ],
        "5": [
          24,
          23
        ],
        "6": [
          -46,
          2
        ]
      },
      "prompt": "You are solving a Traveling Salesperson Problem (TSP). Your goal is to find the shortest possible route that visits each city exactly once and returns to the starting city.\n\n## Problem Setup\nGiven 7 nodes with coordinates:\nNode: 0: (-75, -88)\nNode: 1: (66, 38)\nNode: 2: (-97, -77)\nNode: 3: (92, -40)\nNode: 4: (-58, 4)\nNode: 5: (24, 23)\nNode: 6: (-46, 2)\n\n\n## Distance Matrix\nThe matrix below shows the distance between each pair of nodes:\n           0     1     2     3     4     5     6\n0       0.0 189.1  24.6 173.8  93.6 148.7  94.6\n1     189.1   0.0 199.5  82.2 128.6  44.6 117.6\n2      24.6 199.5   0.0 192.6  89.9 157.0  94.0\n3     173.8  82.2 192.6   0.0 156.3  92.7 144.2\n4      93.6 128.6  89.9 156.3   0.0  84.2  12.2\n5     148.7  44.6 157.0  92.7  84.2   0.0  73.1\n6      94.6 117.6  94.0 144.2  12.2  73.1   0.0 \n\n\n## Previous Solutions\nThese routes have already been tried:\nRoute: 0,1,2,5,6,3,4,0 with total length: 1013\nRoute: 0,1,4,3,6,5,2,0 with total length: 873\nRoute: 0,1,3,5,6,4,2,0 with total length: 564\n\n\n## Requirements\n- Start and end at node 0\n- Visit each node exactly once before returning to node 0\n- Provide a route with a total distance lower than 564\n- Your solution must be different from the previous routes\n\n## Output Format\nThink through your approach step by step, showing your calculations. Then provide your final solution in exactly this format:\n<reasoning>\nreasoning process\n</reasoning>\n<trace>\n0,X,X,X,X,X,X,X,X,X,0\n</trace>\n",
      "reference_distance": 564,
      "solution": {
        "path": [
          0,
          3,
          1,
          5,
          6,
          4,
          2,
          0
        ],
        "distance": 500
      }
    },
    {
      "problem_id": "tsp_7_9",
      "size": 7,
      "coordinates": {
        "0": [
          42,
          69
        ],
        "1": [
          83,
          24
        ],
        "2": [
          -61,
          -52
        ],
        "3": [
          -25,
          -45
        ],
        "4": [
          -86,
          48
        ],
        "5": [
          88,
          38
        ],
        "6": [
          -85,
          91
        ]
      },
      "prompt": "You are solving a Traveling Salesperson Problem (TSP). Your goal is to find the shortest possible route that visits each city exactly once and returns to the starting city.\n\n## Problem Setup\nGiven 7 nodes with coordinates:\nNode: 0: (42, 69)\nNode: 1: (83, 24)\nNode: 2: (-61, -52)\nNode: 3: (-25, -45)\nNode: 4: (-86, 48)\nNode: 5: (88, 38)\nNode: 6: (-85, 91)\n\n\n## Distance Matrix\nThe matrix below shows the distance between each pair of nodes:\n           0     1     2     3     4     5     6\n0       0.0  60.9 158.9 132.2 129.7  55.5 128.9\n1      60.9   0.0 162.8 128.2 170.7  14.9 180.9\n2     158.9 162.8   0.0  36.7 103.1 174.1 145.0\n3     132.2 128.2  36.7   0.0 111.2 140.2 148.6\n4     129.7 170.7 103.1 111.2   0.0 174.3  43.0\n5      55.5  14.9 174.1 140.2 174.3   0.0 180.9\n6     128.9 180.9 145.0 148.6  43.0 180.9   0.0 \n\n\n## Previous Solutions\nThese routes have already been tried:\nRoute: 0,2,3,4,5,6,1,0 with total length: 904\nRoute: 0,3,4,6,5,2,1,0 with total length: 865\nRoute: 0,4,6,3,2,5,1,0 with total length: 608\n\n\n## Requirements\n- Start and end at node 0\n- Visit each node exactly once before returning to node 0\n- Provide a route with a total distance lower than 608\n- Your solution must be different from the previous routes\n\n## Output Format\nThink through your approach step by step, showing your calculations. Then provide your final solution in exactly this format:\n<reasoning>\nreasoning process\n</reasoning>\n<trace>\n0,X,X,X,X,X,X,X,X,X,0\n</trace>\n",
      "reference_distance": 608,
      "solution": {
        "path": [
          0,
          5,
          1,
          3,
          2,
          4,
          6,
          0
        ],
        "distance": 510
      }
    }
  ],
  "size_8": [
    {
      "problem_id": "tsp_8_0",
      "size": 8,
      "coordinates": {
        "0": [
          -20,
          -86
        ],
        "1": [
          -88,
          49
        ],
        "2": [
          22,
          28
        ],
        "3": [
          35,
          -60
        ],
        "4": [
          -86,
          30
        ],
        "5": [
          -80,
          -53
        ],
        "6": [
          -83,
          52
        ],
        "7": [
          -83,
          72
        ]
      },
      "prompt": "You are solving a Traveling Salesperson Problem (TSP). Your goal is to find the shortest possible route that visits each city exactly once and returns to the starting city.\n\n## Problem Setup\nGiven 8 nodes with coordinates:\nNode: 0: (-20, -86)\nNode: 1: (-88, 49)\nNode: 2: (22, 28)\nNode: 3: (35, -60)\nNode: 4: (-86, 30)\nNode: 5: (-80, -53)\nNode: 6: (-83, 52)\nNode: 7: (-83, 72)\n\n\n## Distance Matrix\nThe matrix below shows the distance between each pair of nodes:\n           0     1     2     3     4     5     6     7\n0       0.0 151.2 121.5  60.8 133.5  68.5 151.7 170.1\n1     151.2   0.0 112.0 164.3  19.1 102.3   5.8  23.5\n2     121.5 112.0   0.0  89.0 108.0 130.2 107.7 113.8\n3      60.8 164.3  89.0   0.0 150.8 115.2 162.7 177.1\n4     133.5  19.1 108.0 150.8   0.0  83.2  22.2  42.1\n5      68.5 102.3 130.2 115.2  83.2   0.0 105.0 125.0\n6     151.7   5.8 107.7 162.7  22.2 105.0   0.0  20.0\n7     170.1  23.5 113.8 177.1  42.1 125.0  20.0   0.0 \n\n\n## Previous Solutions\nThese routes have already been tried:\nRoute: 0,3,5,6,1,2,4,7,0 with total length: 719\nRoute: 0,3,2,1,4,7,5,6,0 with total length: 705\nRoute: 0,5,1,7,2,4,6,3,0 with total length: 662\n\n\n## Requirements\n- Start and end at node 0\n- Visit each node exactly once before returning to node 0\n- Provide a route with a total distance lower than 662\n- Your solution must be different from the previous routes\n\n## Output Format\nThink through your approach step by step, showing your calculations. Then provide your final solution in exactly this format:\n<reasoning>\nreasoning process\n</reasoning>\n<trace>\n0,X,X,X,X,X,X,X,X,X,0\n</trace>\n",
      "reference_distance": 662,
      "solution": {
        "path": [
          0,
          5,
          4,
          1,
          6,
          7,
          2,
          3,
          0
        ],
        "distance": 460
      }
    },
    {
      "problem_id": "tsp_8_1",
      "size": 8,
      "coordinates": {
        "0": [
          -40,
          3
        ],
        "1": [
          -70,
          45
        ],
        "2": [
          -37,
          48
        ],
        "3": [
          52,
          -90
        ],
        "4": [
          58,
          -80
        ],
        "5": [
          7,
          68
        ],
        "6": [
          49,
          44
        ],
        "7": [
          33,
          -20
        ]
      },
      "prompt": "You are solving a Traveling Salesperson Problem (TSP). Your goal is to find the shortest possible route that visits each city exactly once and returns to the starting city.\n\n## Problem Setup\nGiven 8 nodes with coordinates:\nNode: 0: (-40, 3)\nNode: 1: (-70, 45)\nNode: 2: (-37, 48)\nNode: 3: (52, -90)\nNode: 4: (58, -80)\nNode: 5: (7, 68)\nNode: 6: (49, 44)\nNode: 7: (33, -20)\n\n\n## Distance Matrix\nThe matrix below shows the distance between each pair of nodes:\n           0     1     2     3     4     5     6     7\n0       0.0  51.6  45.1 130.8 128.4  80.2  98.0  76.5\n1      51.6   0.0  33.1 182.0 178.9  80.4 119.0 121.8\n2      45.1  33.1   0.0 164.2 159.4  48.3  86.1  97.6\n3     130.8 182.0 164.2   0.0  11.7 164.3 134.0  72.5\n4     128.4 178.9 159.4  11.7   0.0 156.5 124.3  65.0\n5      80.2  80.4  48.3 164.3 156.5   0.0  48.4  91.8\n6      98.0 119.0  86.1 134.0 124.3  48.4   0.0  66.0\n7      76.5 121.8  97.6  72.5  65.0  91.8  66.0   0.0 \n\n\n## Previous Solutions\nThese routes have already been tried:\nRoute: 0,4,3,2,5,1,7,6,0 with total length: 719\nRoute: 0,2,1,7,5,6,4,3,0 with total length: 607\nRoute: 0,3,4,6,5,2,1,7,0 with total length: 595\n\n\n## Requirements\n- Start and end at node 0\n- Visit each node exactly once before returning to node 0\n- Provide a route with a total distance lower than 595\n- Your solution must be different from the previous routes\n\n## Output Format\nThink through your approach step by step, showing your calculations. Then provide your final solution in exactly this format:\n<reasoning>\nreasoning process\n</reasoning>\n<trace>\n0,X,X,X,X,X,X,X,X,X,0\n</trace>\n",
      "reference_distance": 595,
      "solution": {
        "path": [
          0,
          1,
          2,
          5,
          6,
          7,
          4,
          3,
          0
        ],
        "distance": 455
      }
    },
    {
      "problem_id": "tsp_8_4",
      "size": 8,
      "coordinates": {
        "0": [
          -60,
          12
        ],
        "1": [
          39,
          80
        ],
        "2": [
          -23,
          56
        ],
        "3": [
          67,
          35
        ],
        "4": [
          -98,
          70
        ],
        "5": [
          41,
          -24
        ],
        "6": [
          69,
          -74
        ],
        "7": [
          -66,
          -33
        ]
      },
      "prompt": "You are solving a Traveling Salesperson Problem (TSP). Your goal is to find the shortest possible route that visits each city exactly once and returns to the starting city.\n\n## Problem Setup\nGiven 8 nodes with coordinates:\nNode: 0: (-60, 12)\nNode: 1: (39, 80)\nNode: 2: (-23, 56)\nNode: 3: (67, 35)\nNode: 4: (-98, 70)\nNode: 5: (41, -24)\nNode: 6: (69, -74)\nNode: 7: (-66, -33)\n\n\n## Distance Matrix\nThe matrix below shows the distance between each pair of nodes:\n           0     1     2     3     4     5     6     7\n0       0.0 120.1  57.5 129.1  69.3 107.2 155.0  45.4\n1     120.1   0.0  66.5  53.0 137.4 104.0 156.9 154.3\n2      57.5  66.5   0.0  92.4  76.3 102.4 159.3  98.8\n3     129.1  53.0  92.4   0.0 168.7  64.5 109.0 149.4\n4      69.3 137.4  76.3 168.7   0.0 167.8 220.5 107.9\n5     107.2 104.0 102.4  64.5 167.8   0.0  57.3 107.4\n6     155.0 156.9 159.3 109.0 220.5  57.3   0.0 141.1\n7      45.4 154.3  98.8 149.4 107.9 107.4 141.1   0.0 \n\n\n## Previous Solutions\nThese routes have already been tried:\nRoute: 0,7,3,5,4,6,2,1,0 with total length: 993\nRoute: 0,6,1,5,3,7,4,2,0 with total length: 871\nRoute: 0,2,3,5,6,4,1,7,0 with total length: 829\n\n\n## Requirements\n- Start and end at node 0\n- Visit each node exactly once before returning to node 0\n- Provide a route with a total distance lower than 829\n- Your solution must be different from the previous routes\n\n## Output Format\nThink through your approach step by step, showing your calculations. Then provide your final solution in exactly this format:\n<reasoning>\nreasoning process\n</reasoning>\n<trace>\n0,X,X,X,X,X,X,X,X,X,0\n</trace>\n",
      "reference_distance": 829,
      "solution": {
        "path": [
          0,
          4,
          2,
          1,
          3,
          5,
          6,
          7,
          0
        ],
        "distance": 573
      }
    },
    {
      "problem_id": "tsp_8_5",
      "size": 8,
      "coordinates": {
        "0": [
          -71,
          -73
        ],
        "1": [
          90,
          41
        ],
        "2": [
          -61,
          -31
        ],
        "3": [
          -28,
          54
        ],
        "4": [
          -47,
          83
        ],
        "5": [
          -13,
          -48
        ],
        "6": [
          75,
          62
        ],
        "7": [
          -33,
          29
        ]
      },
