{
  "size_5": [
    {
      "problem_id": "tsp_5_3",
      "size": 5,
      "coordinates": {
        "0": [
          7,
          -44
        ],
        "1": [
          14,
          50
        ],
        "2": [
          -29,
          -99
        ],
        "3": [
          94,
          -60
        ],
        "4": [
          78,
          8
        ]
      },
      "prompt": "You are solving a Traveling Salesperson Problem (TSP). Your goal is to find the shortest possible route that visits each city exactly once and returns to the starting city.\n\n## Problem Setup\nGiven 5 nodes with coordinates:\nNode: 0: (7, -44)\nNode: 1: (14, 50)\nNode: 2: (-29, -99)\nNode: 3: (94, -60)\nNode: 4: (78, 8)\n\n\n## Distance Matrix\nThe matrix below shows the distance between each pair of nodes:\n           0     1     2     3     4\n0       0.0  94.3  65.7  88.5  88.0\n1      94.3   0.0 155.1 136.0  76.6\n2      65.7 155.1   0.0 129.0 151.3\n3      88.5 136.0 129.0   0.0  69.9\n4      88.0  76.6 151.3  69.9   0.0 \n\n\n## Previous Solutions\nThese routes have already been tried:\nRoute: 0,2,4,3,1,0 with total length: 517\nRoute: 0,4,3,1,2,0 with total length: 515\nRoute: 0,2,3,1,4,0 with total length: 495\n\n\n## Requirements\n- Start and end at node 0\n- Visit each node exactly once before returning to node 0\n- Provide a route with a total distance lower than 495\n- Your solution must be different from the previous routes\n\n## Output Format\nThink through your approach step by step, showing your calculations. Then provide your final solution in exactly this format:\n<reasoning>\nreasoning process\n</reasoning>\n<trace>\n0,X,X,X,X,X,X,X,X,X,0\n</trace>\n",
      "reference_distance": 495,
      "solution": {
        "path": [
          0,
          1,
          4,
          3,
          2,
          0
        ],
        "distance": 435
      }
    },
    {
      "problem_id": "tsp_5_14",
      "size": 5,
      "coordinates": {
        "0": [
          2,
          -8
        ],
        "1": [
          -44,
          -65
        ],
        "2": [
          30,
          26
        ],
        "3": [
          -77,
          93
        ],
        "4": [
          -88,
          -72
        ]
      },
      "prompt": "You are solving a Traveling Salesperson Problem (TSP). Your goal is to find the shortest possible route that visits each city exactly once and returns to the starting city.\n\n## Problem Setup\nGiven 5 nodes with coordinates:\nNode: 0: (2, -8)\nNode: 1: (-44, -65)\nNode: 2: (30, 26)\nNode: 3: (-77, 93)\nNode: 4: (-88, -72)\n\n\n## Distance Matrix\nThe matrix below shows the distance between each pair of nodes:\n           0     1     2     3     4\n0       0.0  73.2  44.0 128.2 110.4\n1      73.2   0.0 117.3 161.4  44.6\n2      44.0 117.3   0.0 126.2 153.4\n3     128.2 161.4 126.2   0.0 165.4\n4     110.4  44.6 153.4 165.4   0.0 \n\n\n## Previous Solutions\nThese routes have already been tried:\nRoute: 0,2,4,3,1,0 with total length: 597\nRoute: 0,3,2,1,4,0 with total length: 527\nRoute: 0,2,3,4,1,0 with total length: 453\n\n\n## Requirements\n- Start and end at node 0\n- Visit each node exactly once before returning to node 0\n- Provide a route with a total distance lower than 453\n- Your solution must be different from the previous routes\n\n## Output Format\nThink through your approach step by step, showing your calculations. Then provide your final solution in exactly this format:\n<reasoning>\nreasoning process\n</reasoning>\n<trace>\n0,X,X,X,X,X,X,X,X,X,0\n</trace>\n",
      "reference_distance": 453,
      "solution": {
        "path": [
          0,
          1,
          4,
          3,
          2,
          0
        ],
        "distance": 453
      }
    },
    {
      "problem_id": "tsp_5_35",
      "size": 5,
      "coordinates": {
        "0": [
          -61,
          -52
        ],
        "1": [
          -25,
          -45
        ],
        "2": [
          -86,
          48
        ],
        "3": [
          88,
          38
        ],
        "4": [
          -85,
          91
        ]
      },
      "prompt": "You are solving a Traveling Salesperson Problem (TSP). Your goal is to find the shortest possible route that visits each city exactly once and returns to the starting city.\n\n## Problem Setup\nGiven 5 nodes with coordinates:\nNode: 0: (-61, -52)\nNode: 1: (-25, -45)\nNode: 2: (-86, 48)\nNode: 3: (88, 38)\nNode: 4: (-85, 91)\n\n\n## Distance Matrix\nThe matrix below shows the distance between each pair of nodes:\n           0     1     2     3     4\n0       0.0  36.7 103.1 174.1 145.0\n1      36.7   0.0 111.2 140.2 148.6\n2     103.1 111.2   0.0 174.3  43.0\n3     174.1 140.2 174.3   0.0 180.9\n4     145.0 148.6  43.0 180.9   0.0 \n\n\n## Previous Solutions\nThese routes have already been tried:\nRoute: 0,3,4,1,2,0 with total length: 718\nRoute: 0,2,4,1,3,0 with total length: 609\nRoute: 0,1,3,2,4,0 with total length: 539\n\n\n## Requirements\n- Start and end at node 0\n- Visit each node exactly once before returning to node 0\n- Provide a route with a total distance lower than 539\n- Your solution must be different from the previous routes\n\n## Output Format\nThink through your approach step by step, showing your calculations. Then provide your final solution in exactly this format:\n<reasoning>\nreasoning process\n</reasoning>\n<trace>\n0,X,X,X,X,X,X,X,X,X,0\n</trace>\n",
      "reference_distance": 539,
      "solution": {
        "path": [
          0,
          2,
          4,
          3,
          1,
          0
        ],
        "distance": 504
      }
    },
    {
      "problem_id": "tsp_5_81",
      "size": 5,
      "coordinates": {
        "0": [
          -80,
          20
        ],
        "1": [
          -96,
          91
        ],
        "2": [
          38,
          -87
        ],
        "3": [
          -11,
          -43
        ],
        "4": [
          66,
          -83
        ]
      },
      "prompt": "You are solving a Traveling Salesperson Problem (TSP). Your goal is to find the shortest possible route that visits each city exactly once and returns to the starting city.\n\n## Problem Setup\nGiven 5 nodes with coordinates:\nNode: 0: (-80, 20)\nNode: 1: (-96, 91)\nNode: 2: (38, -87)\nNode: 3: (-11, -43)\nNode: 4: (66, -83)\n\n\n## Distance Matrix\nThe matrix below shows the distance between each pair of nodes:\n           0     1     2     3     4\n0       0.0  72.8 159.3  93.4 178.7\n1      72.8   0.0 222.8 158.7 237.7\n2     159.3 222.8   0.0  65.9  28.3\n3      93.4 158.7  65.9   0.0  86.8\n4     178.7 237.7  28.3  86.8   0.0 \n\n\n## Previous Solutions\nThese routes have already been tried:\nRoute: 0,4,2,1,3,0 with total length: 682\nRoute: 0,4,3,2,1,0 with total length: 627\nRoute: 0,3,2,4,1,0 with total length: 498\n\n\n## Requirements\n- Start and end at node 0\n- Visit each node exactly once before returning to node 0\n- Provide a route with a total distance lower than 498\n- Your solution must be different from the previous routes\n\n## Output Format\nThink through your approach step by step, showing your calculations. Then provide your final solution in exactly this format:\n<reasoning>\nreasoning process\n</reasoning>\n<trace>\n0,X,X,X,X,X,X,X,X,X,0\n</trace>\n",
      "reference_distance": 498,
      "solution": {
        "path": [
          0,
          1,
          4,
          2,
          3,
          0
        ],
        "distance": 498
      }
    },
    {
      "problem_id": "tsp_5_94",
      "size": 5,
      "coordinates": {
        "0": [
          -79,
          -39
        ],
        "1": [
          84,
          4
        ],
        "2": [
          25,
          42
        ],
        "3": [
          94,
          -39
        ],
        "4": [
          76,
          21
        ]
      },
      "prompt": "You are solving a Traveling Salesperson Problem (TSP). Your goal is to find the shortest possible route that visits each city exactly once and returns to the starting city.\n\n## Problem Setup\nGiven 5 nodes with coordinates:\nNode: 0: (-79, -39)\nNode: 1: (84, 4)\nNode: 2: (25, 42)\nNode: 3: (94, -39)\nNode: 4: (76, 21)\n\n\n## Distance Matrix\nThe matrix below shows the distance between each pair of nodes:\n           0     1     2     3     4\n0       0.0 168.6 131.8 173.0 166.2\n1     168.6   0.0  70.2  44.1  18.8\n2     131.8  70.2   0.0 106.4  55.2\n3     173.0  44.1 106.4   0.0  62.6\n4     166.2  18.8  55.2  62.6   0.0 \n\n\n## Previous Solutions\nThese routes have already been tried:\nRoute: 0,1,2,4,3,0 with total length: 530\nRoute: 0,3,4,2,1,0 with total length: 530\nRoute: 0,4,1,3,2,0 with total length: 467\n\n\n## Requirements\n- Start and end at node 0\n- Visit each node exactly once before returning to node 0\n- Provide a route with a total distance lower than 467\n- Your solution must be different from the previous routes\n\n## Output Format\nThink through your approach step by step, showing your calculations. Then provide your final solution in exactly this format:\n<reasoning>\nreasoning process\n</reasoning>\n<trace>\n0,X,X,X,X,X,X,X,X,X,0\n</trace>\n",
      "reference_distance": 467,
      "solution": {
        "path": [
          0,
          2,
          4,
          1,
          3,
          0
        ],
        "distance": 423
      }
    }
  ],
  "size_6": [
    {
      "problem_id": "tsp_6_5",
      "size": 6,
      "coordinates": {
        "0": [
          15,
          13
        ],
        "1": [
          -24,
          50
        ],
        "2": [
          9,
          -22
        ],
        "3": [
          45,
          58
        ],
        "4": [
          -85,
          56
        ],
        "5": [
          89,
          -75
        ]
      },
      "prompt": "You are solving a Traveling Salesperson Problem (TSP). Your goal is to find the shortest possible route that visits each city exactly once and returns to the starting city.\n\n## Problem Setup\nGiven 6 nodes with coordinates:\nNode: 0: (15, 13)\nNode: 1: (-24, 50)\nNode: 2: (9, -22)\nNode: 3: (45, 58)\nNode: 4: (-85, 56)\nNode: 5: (89, -75)\n\n\n## Distance Matrix\nThe matrix below shows the distance between each pair of nodes:\n           0     1     2     3     4     5\n0       0.0  53.8  35.5  54.1 108.9 115.0\n1      53.8   0.0  79.2  69.5  61.3 168.5\n2      35.5  79.2   0.0  87.7 122.1  96.0\n3      54.1  69.5  87.7   0.0 130.0 140.1\n4     108.9  61.3 122.1 130.0   0.0 217.8\n5     115.0 168.5  96.0 140.1 217.8   0.0 \n\n\n## Previous Solutions\nThese routes have already been tried:\nRoute: 0,3,4,5,2,1,0 with total length: 631\nRoute: 0,1,2,5,4,3,0 with total length: 631\nRoute: 0,4,1,5,3,2,0 with total length: 602\n\n\n## Requirements\n- Start and end at node 0\n- Visit each node exactly once before returning to node 0\n- Provide a route with a total distance lower than 602\n- Your solution must be different from the previous routes\n\n## Output Format\nThink through your approach step by step, showing your calculations. Then provide your final solution in exactly this format:\n<reasoning>\nreasoning process\n</reasoning>\n<trace>\n0,X,X,X,X,X,X,X,X,X,0\n</trace>\n",
      "reference_distance": 602,
      "solution": {
        "path": [
          0,
          2,
          5,
          3,
          1,
          4,
          0
        ],
        "distance": 511
      }
    },
    {
      "problem_id": "tsp_6_29",
      "size": 6,
      "coordinates": {
        "0": [
          91,
          -77
        ],
        "1": [
          11,
          -75
        ],
        "2": [
          94,
          62
        ],
        "3": [
          80,
          -75
        ],
        "4": [
          13,
          -58
        ],
        "5": [
          77,
          -24
        ]
      },
      "prompt": "You are solving a Traveling Salesperson Problem (TSP). Your goal is to find the shortest possible route that visits each city exactly once and returns to the starting city.\n\n## Problem Setup\nGiven 6 nodes with coordinates:\nNode: 0: (91, -77)\nNode: 1: (11, -75)\nNode: 2: (94, 62)\nNode: 3: (80, -75)\nNode: 4: (13, -58)\nNode: 5: (77, -24)\n\n\n## Distance Matrix\nThe matrix below shows the distance between each pair of nodes:\n           0     1     2     3     4     5\n0       0.0  80.0 139.0  11.2  80.3  54.8\n1      80.0   0.0 160.2  69.0  17.1  83.4\n2     139.0 160.2   0.0 137.7 144.8  87.7\n3      11.2  69.0 137.7   0.0  69.1  51.1\n4      80.3  17.1 144.8  69.1   0.0  72.5\n5      54.8  83.4  87.7  51.1  72.5   0.0 \n\n\n## Previous Solutions\nThese routes have already been tried:\nRoute: 0,2,1,5,3,4,0 with total length: 583\nRoute: 0,2,4,5,1,3,0 with total length: 520\nRoute: 0,3,4,1,2,5,0 with total length: 400\n\n\n## Requirements\n- Start and end at node 0\n- Visit each node exactly once before returning to node 0\n- Provide a route with a total distance lower than 400\n- Your solution must be different from the previous routes\n\n## Output Format\nThink through your approach step by step, showing your calculations. Then provide your final solution in exactly this format:\n<reasoning>\nreasoning process\n</reasoning>\n<trace>\n0,X,X,X,X,X,X,X,X,X,0\n</trace>\n",
      "reference_distance": 400,
      "solution": {
        "path": [
          0,
          3,
          1,
          4,
          2,
          5,
          0
        ],
        "distance": 385
      }
    },
    {
      "problem_id": "tsp_6_37",
      "size": 6,
      "coordinates": {
        "0": [
          -36,
          73
        ],
        "1": [
          93,
          84
        ],
        "2": [
          96,
          68
        ],
        "3": [
          74,
          -65
        ],
        "4": [
          60,
          -76
        ],
        "5": [
          60,
          65
        ]
      },
      "prompt": "You are solving a Traveling Salesperson Problem (TSP). Your goal is to find the shortest possible route that visits each city exactly once and returns to the starting city.\n\n## Problem Setup\nGiven 6 nodes with coordinates:\nNode: 0: (-36, 73)\nNode: 1: (93, 84)\nNode: 2: (96, 68)\nNode: 3: (74, -65)\nNode: 4: (60, -76)\nNode: 5: (60, 65)\n\n\n## Distance Matrix\nThe matrix below shows the distance between each pair of nodes:\n           0     1     2     3     4     5\n0       0.0 129.5 132.1 176.5 177.2  96.3\n1     129.5   0.0  16.3 150.2 163.4  38.1\n2     132.1  16.3   0.0 134.8 148.4  36.1\n3     176.5 150.2 134.8   0.0  17.8 130.8\n4     177.2 163.4 148.4  17.8   0.0 141.0\n5      96.3  38.1  36.1 130.8 141.0   0.0 \n\n\n## Previous Solutions\nThese routes have already been tried:\nRoute: 0,2,5,4,1,3,0 with total length: 799\nRoute: 0,4,5,1,3,2,0 with total length: 773\nRoute: 0,5,1,2,4,3,0 with total length: 493\n\n\n## Requirements\n- Start and end at node 0\n- Visit each node exactly once before returning to node 0\n- Provide a route with a total distance lower than 493\n- Your solution must be different from the previous routes\n\n## Output Format\nThink through your approach step by step, showing your calculations. Then provide your final solution in exactly this format:\n<reasoning>\nreasoning process\n</reasoning>\n<trace>\n0,X,X,X,X,X,X,X,X,X,0\n</trace>\n",
      "reference_distance": 493,
      "solution": {
        "path": [
          0,
          5,
          1,
          2,
          3,
          4,
          0
        ],
        "distance": 481
      }
    },
    {
      "problem_id": "tsp_6_84",
      "size": 6,
      "coordinates": {
        "0": [
          33,
          56
        ],
        "1": [
          -60,
          -7
        ],
        "2": [
          -5,
          -28
        ],
        "3": [
          -1,
          4
        ],
        "4": [
          98,
          -14
        ],
        "5": [
          73,
          53
        ]
      },
      "prompt": "You are solving a Traveling Salesperson Problem (TSP). Your goal is to find the shortest possible route that visits each city exactly once and returns to the starting city.\n\n## Problem Setup\nGiven 6 nodes with coordinates:\nNode: 0: (33, 56)\nNode: 1: (-60, -7)\nNode: 2: (-5, -28)\nNode: 3: (-1, 4)\nNode: 4: (98, -14)\nNode: 5: (73, 53)\n\n\n## Distance Matrix\nThe matrix below shows the distance between each pair of nodes:\n           0     1     2     3     4     5\n0       0.0 112.3  92.2  62.1  95.5  40.1\n1     112.3   0.0  58.9  60.0 158.2 145.9\n2      92.2  58.9   0.0  32.2 103.9 112.4\n3      62.1  60.0  32.2   0.0 100.6  88.8\n4      95.5 158.2 103.9 100.6   0.0  71.5\n5      40.1 145.9 112.4  88.8  71.5   0.0 \n\n\n## Previous Solutions\nThese routes have already been tried:\nRoute: 0,1,4,3,5,2,0 with total length: 665\nRoute: 0,3,2,1,5,4,0 with total length: 466\nRoute: 0,1,2,3,4,5,0 with total length: 416\n\n\n## Requirements\n- Start and end at node 0\n- Visit each node exactly once before returning to node 0\n- Provide a route with a total distance lower than 416\n- Your solution must be different from the previous routes\n\n## Output Format\nThink through your approach step by step, showing your calculations. Then provide your final solution in exactly this format:\n<reasoning>\nreasoning process\n</reasoning>\n<trace>\n0,X,X,X,X,X,X,X,X,X,0\n</trace>\n",
      "reference_distance": 416,
      "solution": {
        "path": [
          0,
          5,
          4,
          2,
          1,
          3,
          0
        ],
        "distance": 397
      }
    },
    {
      "problem_id": "tsp_6_98",
      "size": 6,
      "coordinates": {
        "0": [
          -19,
          -75
        ],
        "1": [
          82,
          66
        ],
        "2": [
          -15,
          -63
        ],
        "3": [
          -65,
          -91
        ],
        "4": [
          -27,
          20
        ],
        "5": [
          78,
          -65
        ]
      },
      "prompt": "You are solving a Traveling Salesperson Problem (TSP). Your goal is to find the shortest possible route that visits each city exactly once and returns to the starting city.\n\n## Problem Setup\nGiven 6 nodes with coordinates:\nNode: 0: (-19, -75)\nNode: 1: (82, 66)\nNode: 2: (-15, -63)\nNode: 3: (-65, -91)\nNode: 4: (-27, 20)\nNode: 5: (78, -65)\n\n\n## Distance Matrix\nThe matrix below shows the distance between each pair of nodes:\n           0     1     2     3     4     5\n0       0.0 173.4  12.6  48.7  95.3  97.5\n1     173.4   0.0 161.4 215.1 118.3 131.1\n2      12.6 161.4   0.0  57.3  83.9  93.0\n3      48.7 215.1  57.3   0.0 117.3 145.3\n4      95.3 118.3  83.9 117.3   0.0 135.1\n5      97.5 131.1  93.0 145.3 135.1   0.0 \n\n\n## Previous Solutions\nThese routes have already been tried:\nRoute: 0,5,1,3,4,2,0 with total length: 657\nRoute: 0,2,3,4,5,1,0 with total length: 627\nRoute: 0,5,4,1,2,3,0 with total length: 618\n\n\n## Requirements\n- Start and end at node 0\n- Visit each node exactly once before returning to node 0\n- Provide a route with a total distance lower than 618\n- Your solution must be different from the previous routes\n\n## Output Format\nThink through your approach step by step, showing your calculations. Then provide your final solution in exactly this format:\n<reasoning>\nreasoning process\n</reasoning>\n<trace>\n0,X,X,X,X,X,X,X,X,X,0\n</trace>\n",
      "reference_distance": 618,
      "solution": {
        "path": [
          0,
          2,
          5,
          1,
          4,
          3,
          0
        ],
        "distance": 521
      }
    }
  ],
  "size_7": [
    {
      "problem_id": "tsp_7_48",
      "size": 7,
      "coordinates": {
        "0": [
          66,
          -49
        ],
        "1": [
          93,
          -27
        ],
        "2": [
          -18,
          -27
        ],
        "3": [
          65,
          -85
        ],
        "4": [
          96,
          -78
        ],
        "5": [
          66,
          46
        ],
        "6": [
          -41,
          36
        ]
      },
      "prompt": "You are solving a Traveling Salesperson Problem (TSP). Your goal is to find the shortest possible route that visits each city exactly once and returns to the starting city.\n\n## Problem Setup\nGiven 7 nodes with coordinates:\nNode: 0: (66, -49)\nNode: 1: (93, -27)\nNode: 2: (-18, -27)\nNode: 3: (65, -85)\nNode: 4: (96, -78)\nNode: 5: (66, 46)\nNode: 6: (-41, 36)\n\n\n## Distance Matrix\nThe matrix below shows the distance between each pair of nodes:\n           0     1     2     3     4     5     6\n0       0.0  34.8  86.8  36.0  41.7  95.0 136.7\n1      34.8   0.0 111.0  64.4  51.1  77.8 148.1\n2      86.8 111.0   0.0 101.3 124.9 111.3  67.1\n3      36.0  64.4 101.3   0.0  31.8 131.0 160.9\n4      41.7  51.1 124.9  31.8   0.0 127.6 178.2\n5      95.0  77.8 111.3 131.0 127.6   0.0 107.5\n6     136.7 148.1  67.1 160.9 178.2 107.5   0.0 \n\n\n## Previous Solutions\nThese routes have already been tried:\nRoute: 0,2,4,6,1,5,3,0 with total length: 783\nRoute: 0,1,2,4,3,5,6,0 with total length: 678\nRoute: 0,5,2,6,4,3,1,0 with total length: 583\n\n\n## Requirements\n- Start and end at node 0\n- Visit each node exactly once before returning to node 0\n- Provide a route with a total distance lower than 583\n- Your solution must be different from the previous routes\n\n## Output Format\nThink through your approach step by step, showing your calculations. Then provide your final solution in exactly this format:\n<reasoning>\nreasoning process\n</reasoning>\n<trace>\n0,X,X,X,X,X,X,X,X,X,0\n</trace>\n",
      "reference_distance": 583,
      "solution": {
        "path": [
          0,
          3,
          4,
          1,
          5,
          6,
          2,
          0
        ],
        "distance": 458
      }
    },
    {
      "problem_id": "tsp_7_49",
      "size": 7,
      "coordinates": {
        "0": [
          89,
          85
        ],
        "1": [
          -91,
          -56
        ],
        "2": [
          6,
          -55
        ],
        "3": [
          -91,
          1
        ],
        "4": [
          26,
          -53
        ],
        "5": [
          91,
          -26
        ],
        "6": [
          -91,
          -98
        ]
      },
      "prompt": "You are solving a Traveling Salesperson Problem (TSP). Your goal is to find the shortest possible route that visits each city exactly once and returns to the starting city.\n\n## Problem Setup\nGiven 7 nodes with coordinates:\nNode: 0: (89, 85)\nNode: 1: (-91, -56)\nNode: 2: (6, -55)\nNode: 3: (-91, 1)\nNode: 4: (26, -53)\nNode: 5: (91, -26)\nNode: 6: (-91, -98)\n\n\n## Distance Matrix\nThe matrix below shows the distance between each pair of nodes:\n           0     1     2     3     4     5     6\n0       0.0 228.7 162.8 198.6 151.7 111.0 256.7\n1     228.7   0.0  97.0  57.0 117.0 184.5  42.0\n2     162.8  97.0   0.0 112.0  20.1  89.8 106.1\n3     198.6  57.0 112.0   0.0 128.9 184.0  99.0\n4     151.7 117.0  20.1 128.9   0.0  70.4 125.4\n5     111.0 184.5  89.8 184.0  70.4   0.0 195.7\n6     256.7  42.0 106.1  99.0 125.4 195.7   0.0 \n\n\n## Previous Solutions\nThese routes have already been tried:\nRoute: 0,4,6,5,2,3,1,0 with total length: 960\nRoute: 0,4,6,3,1,5,2,0 with total length: 870\nRoute: 0,5,4,1,2,3,6,0 with total length: 863\n\n\n## Requirements\n- Start and end at node 0\n- Visit each node exactly once before returning to node 0\n- Provide a route with a total distance lower than 863\n- Your solution must be different from the previous routes\n\n## Output Format\nThink through your approach step by step, showing your calculations. Then provide your final solution in exactly this format:\n<reasoning>\nreasoning process\n</reasoning>\n<trace>\n0,X,X,X,X,X,X,X,X,X,0\n</trace>\n",
      "reference_distance": 863,
      "solution": {
        "path": [
          0,
          5,
          4,
          2,
          6,
          1,
          3,
          0
        ],
        "distance": 605
      }
    },
    {
      "problem_id": "tsp_7_59",
      "size": 7,
      "coordinates": {
        "0": [
          13,
          -71
        ],
        "1": [
          74,
          -48
        ],
        "2": [
          83,
          49
        ],
        "3": [
          25,
          -77
        ],
        "4": [
          30,
          14
        ],
        "5": [
          -86,
          16
        ],
        "6": [
          -67,
          31
        ]
      },
      "prompt": "You are solving a Traveling Salesperson Problem (TSP). Your goal is to find the shortest possible route that visits each city exactly once and returns to the starting city.\n\n## Problem Setup\nGiven 7 nodes with coordinates:\nNode: 0: (13, -71)\nNode: 1: (74, -48)\nNode: 2: (83, 49)\nNode: 3: (25, -77)\nNode: 4: (30, 14)\nNode: 5: (-86, 16)\nNode: 6: (-67, 31)\n\n\n## Distance Matrix\nThe matrix below shows the distance between each pair of nodes:\n           0     1     2     3     4     5     6\n0       0.0  65.2 138.9  13.4  86.7 131.8 129.6\n1      65.2   0.0  97.4  56.9  76.0 172.3 161.6\n2     138.9  97.4   0.0 138.7  63.5 172.2 151.1\n3      13.4  56.9 138.7   0.0  91.1 144.8 141.9\n4      86.7  76.0  63.5  91.1   0.0 116.0  98.5\n5     131.8 172.3 172.2 144.8 116.0   0.0  24.2\n6     129.6 161.6 151.1 141.9  98.5  24.2   0.0 \n\n\n## Previous Solutions\nThese routes have already been tried:\nRoute: 0,6,3,2,5,1,4,0 with total length: 917\nRoute: 0,4,5,3,6,1,2,0 with total length: 887\nRoute: 0,2,5,3,6,4,1,0 with total length: 837\n\n\n## Requirements\n- Start and end at node 0\n- Visit each node exactly once before returning to node 0\n- Provide a route with a total distance lower than 837\n- Your solution must be different from the previous routes\n\n## Output Format\nThink through your approach step by step, showing your calculations. Then provide your final solution in exactly this format:\n<reasoning>\nreasoning process\n</reasoning>\n<trace>\n0,X,X,X,X,X,X,X,X,X,0\n</trace>\n",
      "reference_distance": 837,
      "solution": {
        "path": [
          0,
          3,
          1,
          2,
          4,
          6,
          5,
          0
        ],
        "distance": 486
      }
    },
    {
      "problem_id": "tsp_7_67",
      "size": 7,
      "coordinates": {
        "0": [
          2,
          12
        ],
        "1": [
          -41,
          38
        ],
        "2": [
          -45,
          93
        ],
        "3": [
          98,
          -86
        ],
        "4": [
          -65,
          28
        ],
        "5": [
          -26,
          -41
        ],
        "6": [
          87,
          47
        ]
      },
      "prompt": "You are solving a Traveling Salesperson Problem (TSP). Your goal is to find the shortest possible route that visits each city exactly once and returns to the starting city.\n\n## Problem Setup\nGiven 7 nodes with coordinates:\nNode: 0: (2, 12)\nNode: 1: (-41, 38)\nNode: 2: (-45, 93)\nNode: 3: (98, -86)\nNode: 4: (-65, 28)\nNode: 5: (-26, -41)\nNode: 6: (87, 47)\n\n\n## Distance Matrix\nThe matrix below shows the distance between each pair of nodes:\n           0     1     2     3     4     5     6\n0       0.0  50.2  93.6 137.2  68.9  59.9  91.9\n1      50.2   0.0  55.1 186.3  26.0  80.4 128.3\n2      93.6  55.1   0.0 229.1  68.0 135.3 139.8\n3     137.2 186.3 229.1   0.0 198.9 131.9 133.5\n4      68.9  26.0  68.0 198.9   0.0  79.3 153.2\n5      59.9  80.4 135.3 131.9  79.3   0.0 143.2\n6      91.9 128.3 139.8 133.5 153.2 143.2   0.0 \n\n\n## Previous Solutions\nThese routes have already been tried:\nRoute: 0,1,3,5,6,4,2,0 with total length: 826\nRoute: 0,1,2,5,6,3,4,0 with total length: 785\nRoute: 0,1,4,3,6,5,2,0 with total length: 781\n\n\n## Requirements\n- Start and end at node 0\n- Visit each node exactly once before returning to node 0\n- Provide a route with a total distance lower than 781\n- Your solution must be different from the previous routes\n\n## Output Format\nThink through your approach step by step, showing your calculations. Then provide your final solution in exactly this format:\n<reasoning>\nreasoning process\n</reasoning>\n<trace>\n0,X,X,X,X,X,X,X,X,X,0\n</trace>\n",
      "reference_distance": 781,
      "solution": {
        "path": [
          0,
          1,
          4,
          2,
          6,
          3,
          5,
          0
        ],
        "distance": 609
      }
    },
    {
      "problem_id": "tsp_7_76",
      "size": 7,
      "coordinates": {
        "0": [
          -34,
          -8
        ],
        "1": [
          31,
          27
        ],
        "2": [
          19,
          -75
        ],
        "3": [
          84,
          20
        ],
        "4": [
          94,
          -19
        ],
        "5": [
          -48,
          -6
        ],
        "6": [
          -20,
          5
        ]
      },
      "prompt": "You are solving a Traveling Salesperson Problem (TSP). Your goal is to find the shortest possible route that visits each city exactly once and returns to the starting city.\n\n## Problem Setup\nGiven 7 nodes with coordinates:\nNode: 0: (-34, -8)\nNode: 1: (31, 27)\nNode: 2: (19, -75)\nNode: 3: (84, 20)\nNode: 4: (94, -19)\nNode: 5: (-48, -6)\nNode: 6: (-20, 5)\n\n\n## Distance Matrix\nThe matrix below shows the distance between each pair of nodes:\n           0     1     2     3     4     5     6\n0       0.0  73.8  85.4 121.3 128.5  14.1  19.1\n1      73.8   0.0 102.7  53.5  78.0  85.6  55.5\n2      85.4 102.7   0.0 115.1  93.6  96.2  89.0\n3     121.3  53.5 115.1   0.0  40.3 134.5 105.1\n4     128.5  78.0  93.6  40.3   0.0 142.6 116.5\n5      14.1  85.6  96.2 134.5 142.6   0.0  30.1\n6      19.1  55.5  89.0 105.1 116.5  30.1   0.0 \n\n\n## Previous Solutions\nThese routes have already been tried:\nRoute: 0,4,6,3,2,5,1,0 with total length: 721\nRoute: 0,3,4,6,5,2,1,0 with total length: 581\nRoute: 0,2,3,4,5,6,1,0 with total length: 543\n\n\n## Requirements\n- Start and end at node 0\n- Visit each node exactly once before returning to node 0\n- Provide a route with a total distance lower than 543\n- Your solution must be different from the previous routes\n\n## Output Format\nThink through your approach step by step, showing your calculations. Then provide your final solution in exactly this format:\n<reasoning>\nreasoning process\n</reasoning>\n<trace>\n0,X,X,X,X,X,X,X,X,X,0\n</trace>\n",
      "reference_distance": 543,
      "solution": {
        "path": [
          0,
          6,
          1,
          3,
          4,
          2,
          5,
          0
        ],
        "distance": 372
      }
    }
  ],
  "size_8": [
    {
      "problem_id": "tsp_8_4",
      "size": 8,
      "coordinates": {
        "0": [
          96,
          -37
        ],
        "1": [
          68,
          70
        ],
        "2": [
          -10,
          -58
        ],
        "3": [
          65,
          56
        ],
        "4": [
          -89,
          44
        ],
        "5": [
          65,
          73
        ],
        "6": [
          65,
          2
        ],
        "7": [
          92,
          -16
        ]
      },
      "prompt": "You are solving a Traveling Salesperson Problem (TSP). Your goal is to find the shortest possible route that visits each city exactly once and returns to the starting city.\n\n## Problem Setup\nGiven 8 nodes with coordinates:\nNode: 0: (96, -37)\nNode: 1: (68, 70)\nNode: 2: (-10, -58)\nNode: 3: (65, 56)\nNode: 4: (-89, 44)\nNode: 5: (65, 73)\nNode: 6: (65, 2)\nNode: 7: (92, -16)\n\n\n## Distance Matrix\nThe matrix below shows the distance between each pair of nodes:\n           0     1     2     3     4     5     6     7\n0       0.0 110.6 108.1  98.0 202.0 114.3  49.8  21.4\n1     110.6   0.0 149.9  14.3 159.1   4.2  68.1  89.3\n2     108.1 149.9   0.0 136.5 129.0 151.0  96.0 110.3\n3      98.0  14.3 136.5   0.0 154.5  17.0  54.0  76.9\n4     202.0 159.1 129.0 154.5   0.0 156.7 159.6 190.7\n5     114.3   4.2 151.0  17.0 156.7   0.0  71.0  93.0\n6      49.8  68.1  96.0  54.0 159.6  71.0   0.0  32.4\n7      21.4  89.3 110.3  76.9 190.7  93.0  32.4   0.0 \n\n\n## Previous Solutions\nThese routes have already been tried:\nRoute: 0,3,2,1,4,7,5,6,0 with total length: 948\nRoute: 0,5,1,7,2,4,6,3,0 with total length: 759\nRoute: 0,3,5,6,1,2,4,7,0 with total length: 745\n\n\n## Requirements\n- Start and end at node 0\n- Visit each node exactly once before returning to node 0\n- Provide a route with a total distance lower than 745\n- Your solution must be different from the previous routes\n\n## Output Format\nThink through your approach step by step, showing your calculations. Then provide your final solution in exactly this format:\n<reasoning>\nreasoning process\n</reasoning>\n<trace>\n0,X,X,X,X,X,X,X,X,X,0\n</trace>\n",
      "reference_distance": 745,
      "solution": {
        "path": [
          0,
          7,
          6,
          3,
          1,
          5,
          4,
          2,
          0
        ],
        "distance": 520
      }
    },
    {
      "problem_id": "tsp_8_9",
      "size": 8,
      "coordinates": {
        "0": [
          -56,
          41
        ],
        "1": [
          -60,
          -16
        ],
        "2": [
          43,
          9
        ],
        "3": [
          18,
          -41
        ],
        "4": [
          3,
          61
        ],
        "5": [
          -53,
          -53
        ],
        "6": [
          63,
          68
        ],
        "7": [
          10,
          1
        ]
      },
      "prompt": "You are solving a Traveling Salesperson Problem (TSP). Your goal is to find the shortest possible route that visits each city exactly once and returns to the starting city.\n\n## Problem Setup\nGiven 8 nodes with coordinates:\nNode: 0: (-56, 41)\nNode: 1: (-60, -16)\nNode: 2: (43, 9)\nNode: 3: (18, -41)\nNode: 4: (3, 61)\nNode: 5: (-53, -53)\nNode: 6: (63, 68)\nNode: 7: (10, 1)\n\n\n## Distance Matrix\nThe matrix below shows the distance between each pair of nodes:\n           0     1     2     3     4     5     6     7\n0       0.0  57.1 104.0 110.5  62.3  94.0 122.0  77.2\n1      57.1   0.0 106.0  81.9  99.5  37.7 148.9  72.0\n2     104.0 106.0   0.0  55.9  65.6 114.3  62.3  34.0\n3     110.5  81.9  55.9   0.0 103.1  72.0 117.9  42.8\n4      62.3  99.5  65.6 103.1   0.0 127.0  60.4  60.4\n5      94.0  37.7 114.3  72.0 127.0   0.0 167.6  83.0\n6     122.0 148.9  62.3 117.9  60.4 167.6   0.0  85.4\n7      77.2  72.0  34.0  42.8  60.4  83.0  85.4   0.0 \n\n\n## Previous Solutions\nThese routes have already been tried:\nRoute: 0,3,4,6,5,2,1,7,0 with total length: 811\nRoute: 0,2,1,7,5,6,4,3,0 with total length: 807\nRoute: 0,4,3,2,5,1,7,6,0 with total length: 653\n\n\n## Requirements\n- Start and end at node 0\n- Visit each node exactly once before returning to node 0\n- Provide a route with a total distance lower than 653\n- Your solution must be different from the previous routes\n\n## Output Format\nThink through your approach step by step, showing your calculations. Then provide your final solution in exactly this format:\n<reasoning>\nreasoning process\n</reasoning>\n<trace>\n0,X,X,X,X,X,X,X,X,X,0\n</trace>\n",
      "reference_distance": 653,
      "solution": {
        "path": [
          0,
          4,
          6,
          2,
          7,
          3,
          5,
          1,
          0
        ],
        "distance": 429
      }
    },
    {
      "problem_id": "tsp_8_30",
      "size": 8,
      "coordinates": {
        "0": [
          87,
          -74
        ],
        "1": [
          -74,
          -20
        ],
        "2": [
          -6,
          -24
        ],
        "3": [
          -65,
          -3
        ],
        "4": [
          98,
          92
        ],
        "5": [
          -66,
          64
        ],
        "6": [
          73,
          -64
        ],
        "7": [
          -83,
          35
        ]
      },
      "prompt": "You are solving a Traveling Salesperson Problem (TSP). Your goal is to find the shortest possible route that visits each city exactly once and returns to the starting city.\n\n## Problem Setup\nGiven 8 nodes with coordinates:\nNode: 0: (87, -74)\nNode: 1: (-74, -20)\nNode: 2: (-6, -24)\nNode: 3: (-65, -3)\nNode: 4: (98, 92)\nNode: 5: (-66, 64)\nNode: 6: (73, -64)\nNode: 7: (-83, 35)\n\n\n## Distance Matrix\nThe matrix below shows the distance between each pair of nodes:\n           0     1     2     3     4     5     6     7\n0       0.0 169.8 105.6 167.8 166.4 206.0  17.2 201.9\n1     169.8   0.0  68.1  19.2 205.3  84.4 153.4  55.7\n2     105.6  68.1   0.0  62.6 155.8 106.5  88.5  97.0\n3     167.8  19.2  62.6   0.0 188.7  67.0 150.9  42.0\n4     166.4 205.3 155.8 188.7   0.0 166.4 158.0 189.8\n5     206.0  84.4 106.5  67.0 166.4   0.0 189.0  33.6\n6      17.2 153.4  88.5 150.9 158.0 189.0   0.0 184.8\n7     201.9  55.7  97.0  42.0 189.8  33.6 184.8   0.0 \n\n\n## Previous Solutions\nThese routes have already been tried:\nRoute: 0,2,3,5,6,4,1,7,0 with total length: 1045\nRoute: 0,7,3,5,4,6,2,1,0 with total length: 962\nRoute: 0,6,1,5,3,7,4,2,0 with total length: 815\n\n\n## Requirements\n- Start and end at node 0\n- Visit each node exactly once before returning to node 0\n- Provide a route with a total distance lower than 815\n- Your solution must be different from the previous routes\n\n## Output Format\nThink through your approach step by step, showing your calculations. Then provide your final solution in exactly this format:\n<reasoning>\nreasoning process\n</reasoning>\n<trace>\n0,X,X,X,X,X,X,X,X,X,0\n</trace>\n",
      "reference_distance": 815,
      "solution": {
        "path": [
          0,
          4,
          5,
          7,
          3,
          1,
          2,
          6,
          0
        ],
        "distance": 602
      }
    },
    {
      "problem_id": "tsp_8_42",
      "size": 8,
      "coordinates": {
        "0": [
          -81,
          27
        ],
        "1": [
          16,
          30
        ],
        "2": [
          -8,
          -86
        ],
        "3": [
          27,
          45
        ],
        "4": [
          -58,
          -6
        ],
        "5": [
          -60,
          -35
        ],
        "6": [
          97,
          -74
        ],
        "7": [
          46,
          72
        ]
      },
