{
  "size_5": [
    {
      "problem_id": "tsp_5_21",
      "prompt": "You are given a list of points with coordinates below: (1): (99, 35), (2): (-100, 53), (3): (-18, 25), (4): (-96, -72), (5): (-8, -22).\n\nDistance Matrix:\n       0    1    2    3    4\n 0:  0.0 199.8 117.4 222.4 121.2 \n 1: 199.8  0.0 86.6 125.1 118.7 \n 2: 117.4 86.6  0.0 124.5 48.1 \n 3: 222.4 125.1 124.5  0.0 101.2 \n 4: 121.2 118.7 48.1 101.2  0.0 \n\nBelow are some previous traces and their lengths. The traces are arranged in descending order based on their lengths, where lower values are better.\n0,2,3,4,1 length: 662\n0,2,3,1,4 length: 607\n0,2,4,3,1 length: 592\n0,4,3,1,2 length: 552\n\nGive me a new trace that is different from all traces above, and has a length lower than any of the above. The trace should traverse all nodesThe path must start at 0 will return to 0 at the end of the trace, which is included in the distance.",
      "size": 5,
      "optimal_solution": {
        "path": [
          1,
          3,
          2,
          4,
          5
        ],
        "distance": 551.5872283353358
      }
    },
    {
      "problem_id": "tsp_5_4",
      "prompt": "You are given a list of points with coordinates below: (1): (7, -44), (2): (14, 50), (3): (-29, -99), (4): (94, -60), (5): (78, 8).\n\nDistance Matrix:\n       0    1    2    3    4\n 0:  0.0 94.3 65.7 88.5 88.0 \n 1: 94.3  0.0 155.1 136.0 76.6 \n 2: 65.7 155.1  0.0 129.0 151.3 \n 3: 88.5 136.0 129.0  0.0 69.9 \n 4: 88.0 76.6 151.3 69.9  0.0 \n\nBelow are some previous traces and their lengths. The traces are arranged in descending order based on their lengths, where lower values are better.\n0,1,3,2,4 length: 599\n0,3,2,1,4 length: 537\n0,2,4,1,3 length: 518\n0,2,4,3,1 length: 517\n\nGive me a new trace that is different from all traces above, and has a length lower than any of the above. The trace should traverse all nodesThe path must start at 0 will return to 0 at the end of the trace, which is included in the distance.",
      "size": 5,
      "optimal_solution": {
        "path": [
          1,
          2,
          5,
          4,
          3
        ],
        "distance": 435.4371043003129
      }
    },
    {
      "problem_id": "tsp_5_1",
      "prompt": "You are given a list of points with coordinates below: (1): (63, -72), (2): (-94, 89), (3): (-30, -38), (4): (-43, -65), (5): (88, -74).\n\nDistance Matrix:\n       0    1    2    3    4\n 0:  0.0 224.9 99.0 106.2 25.1 \n 1: 224.9  0.0 142.2 162.2 244.3 \n 2: 99.0 142.2  0.0 30.0 123.4 \n 3: 106.2 162.2 30.0  0.0 131.3 \n 4: 25.1 244.3 123.4 131.3  0.0 \n\nBelow are some previous traces and their lengths. The traces are arranged in descending order based on their lengths, where lower values are better.\n0,3,2,4,1 length: 729\n0,3,4,1,2 length: 723\n0,4,2,1,3 length: 559\n0,4,3,2,1 length: 553\n\nGive me a new trace that is different from all traces above, and has a length lower than any of the above. The trace should traverse all nodesThe path must start at 0 will return to 0 at the end of the trace, which is included in the distance.",
      "size": 5,
      "optimal_solution": {
        "path": [
          1,
          4,
          3,
          2,
          5
        ],
        "distance": 547.8135371925763
      }
    },
    {
      "problem_id": "tsp_5_24",
      "prompt": "You are given a list of points with coordinates below: (1): (55, 8), (2): (-46, 38), (3): (93, 86), (4): (76, -49), (5): (82, -21).\n\nDistance Matrix:\n       0    1    2    3    4\n 0:  0.0 105.4 86.8 60.7 39.6 \n 1: 105.4  0.0 147.1 149.8 140.9 \n 2: 86.8 147.1  0.0 136.1 107.6 \n 3: 60.7 149.8 136.1  0.0 28.6 \n 4: 39.6 140.9 107.6 28.6  0.0 \n\nBelow are some previous traces and their lengths. The traces are arranged in descending order based on their lengths, where lower values are better.\n0,4,1,3,2 length: 553\n0,2,4,3,1 length: 478\n0,1,2,4,3 length: 449\n0,3,4,2,1 length: 449\n\nGive me a new trace that is different from all traces above, and has a length lower than any of the above. The trace should traverse all nodesThe path must start at 0 will return to 0 at the end of the trace, which is included in the distance.",
      "size": 5,
      "optimal_solution": {
        "path": [
          1,
          2,
          3,
          5,
          4
        ],
        "distance": 449.36064170685256
      }
    },
    {
      "problem_id": "tsp_5_9",
      "prompt": "You are given a list of points with coordinates below: (1): (16, 62), (2): (-7, -59), (3): (-6, -10), (4): (-47, 71), (5): (-32, 79).\n\nDistance Matrix:\n       0    1    2    3    4\n 0:  0.0 123.2 75.3 63.6 50.9 \n 1: 123.2  0.0 49.0 136.0 140.2 \n 2: 75.3 49.0  0.0 90.8 92.7 \n 3: 63.6 136.0 90.8  0.0 17.0 \n 4: 50.9 140.2 92.7 17.0  0.0 \n\nBelow are some previous traces and their lengths. The traces are arranged in descending order based on their lengths, where lower values are better.\n0,2,4,1,3 length: 508\n0,1,3,4,2 length: 444\n0,1,2,3,4 length: 331\n0,4,3,2,1 length: 331\n\nGive me a new trace that is different from all traces above, and has a length lower than any of the above. The trace should traverse all nodesThe path must start at 0 will return to 0 at the end of the trace, which is included in the distance.",
      "size": 5,
      "optimal_solution": {
        "path": [
          1,
          3,
          2,
          4,
          5
        ],
        "distance": 328.2325372314967
      }
    }
  ],
  "size_10": [
    {
      "problem_id": "tsp_10_7",
      "prompt": "You are given a list of points with coordinates below: (1): (-80, -53), (2): (-83, 52), (3): (-83, 72), (4): (-40, 3), (5): (-70, 45), (6): (-37, 48), (7): (52, -90), (8): (58, -80), (9): (7, 68), (10): (49, 44).\n\nDistance Matrix:\n       0    1    2    3    4    5    6    7    8    9\n 0:  0.0 105.0 125.0 68.8 98.5 109.8 137.1 140.6 149.0 161.4 \n 1: 105.0  0.0 20.0 65.2 14.8 46.2 195.9 193.1 91.4 132.2 \n 2: 125.0 20.0  0.0 81.3 30.0 51.9 210.9 207.3 90.1 134.9 \n 3: 68.8 65.2 81.3  0.0 51.6 45.1 130.8 128.4 80.2 98.0 \n 4: 98.5 14.8 30.0 51.6  0.0 33.1 182.0 178.9 80.4 119.0 \n 5: 109.8 46.2 51.9 45.1 33.1  0.0 164.2 159.4 48.3 86.1 \n 6: 137.1 195.9 210.9 130.8 182.0 164.2  0.0 11.7 164.3 134.0 \n 7: 140.6 193.1 207.3 128.4 178.9 159.4 11.7  0.0 156.5 124.3 \n 8: 149.0 91.4 90.1 80.2 80.4 48.3 164.3 156.5  0.0 48.4 \n 9: 161.4 132.2 134.9 98.0 119.0 86.1 134.0 124.3 48.4  0.0 \n\nBelow are some previous traces and their lengths. The traces are arranged in descending order based on their lengths, where lower values are better.\n0,1,8,4,7,9,6,5,3,2 length: 1130\n0,1,4,6,5,9,3,2,8,7 length: 1119\n0,4,6,9,3,8,2,1,5,7 length: 1049\n0,7,8,9,2,1,3,6,4,5 length: 1021\n\nGive me a new trace that is different from all traces above, and has a length lower than any of the above. The trace should traverse all nodesThe path must start at 0 will return to 0 at the end of the trace, which is included in the distance.",
      "size": 10,
      "optimal_solution": {
        "path": [
          1,
          4,
          5,
          2,
          3,
          6,
          9,
          10,
          8,
          7
        ],
        "distance": 576.8632452023083
      }
    },
    {
      "problem_id": "tsp_10_22",
      "prompt": "You are given a list of points with coordinates below: (1): (76, -99), (2): (92, 97), (3): (-73, 99), (4): (8, -44), (5): (-55, 78), (6): (32, 18), (7): (-88, 42), (8): (-37, -69), (9): (16, -66), (10): (18, 70).\n\nDistance Matrix:\n       0    1    2    3    4    5    6    7    8    9\n 0:  0.0 196.7 247.8 87.5 220.2 125.0 216.3 116.9 68.5 178.7 \n 1: 196.7  0.0 165.0 164.1 148.2 99.2 188.2 210.2 179.8 78.8 \n 2: 247.8 165.0  0.0 164.3 27.7 132.6 58.9 171.8 187.5 95.5 \n 3: 87.5 164.1 164.3  0.0 137.3 66.5 128.9 51.5 23.4 114.4 \n 4: 220.2 148.2 27.7 137.3  0.0 105.7 48.8 148.1 160.6 73.4 \n 5: 125.0 99.2 132.6 66.5 105.7  0.0 122.4 111.0 85.5 53.9 \n 6: 216.3 188.2 58.9 128.9 48.8 122.4  0.0 122.2 149.9 109.6 \n 7: 116.9 210.2 171.8 51.5 148.1 111.0 122.2  0.0 53.1 149.5 \n 8: 68.5 179.8 187.5 23.4 160.6 85.5 149.9 53.1  0.0 136.0 \n 9: 178.7 78.8 95.5 114.4 73.4 53.9 109.6 149.5 136.0  0.0 \n\nBelow are some previous traces and their lengths. The traces are arranged in descending order based on their lengths, where lower values are better.\n0,8,6,3,1,7,9,4,5,2 length: 1431\n0,5,8,7,1,4,9,6,3,2 length: 1346\n0,5,8,1,4,6,2,3,9,7 length: 1192\n0,7,2,4,3,6,1,9,5,8 length: 1057\n\nGive me a new trace that is different from all traces above, and has a length lower than any of the above. The trace should traverse all nodesThe path must start at 0 will return to 0 at the end of the trace, which is included in the distance.",
      "size": 10,
      "optimal_solution": {
        "path": [
          1,
          9,
          4,
          8,
          7,
          3,
          5,
          10,
          2,
          6
        ],
        "distance": 728.529428447227
      }
    },
    {
      "problem_id": "tsp_10_9",
      "prompt": "You are given a list of points with coordinates below: (1): (59, 44), (2): (-75, -82), (3): (37, -46), (4): (29, -33), (5): (-67, -11), (6): (-83, -38), (7): (-6, -28), (8): (-60, 12), (9): (39, 80), (10): (-23, 56).\n\nDistance Matrix:\n       0    1    2    3    4    5    6    7    8    9\n 0:  0.0 183.9 92.6 82.6 137.5 164.0 97.0 123.2 41.2 82.9 \n 1: 183.9  0.0 117.6 115.0 71.4 44.7 87.6 95.2 198.1 147.5 \n 2: 92.6 117.6  0.0 15.3 109.7 120.3 46.6 113.0 126.0 118.3 \n 3: 82.6 115.0 15.3  0.0 98.5 112.1 35.4 99.7 113.4 103.1 \n 4: 137.5 71.4 109.7 98.5  0.0 31.4 63.3 24.0 139.7 80.2 \n 5: 164.0 44.7 120.3 112.1 31.4  0.0 77.6 55.0 169.7 111.5 \n 6: 97.0 87.6 46.6 35.4 63.3 77.6  0.0 67.2 117.0 85.7 \n 7: 123.2 95.2 113.0 99.7 24.0 55.0 67.2  0.0 120.1 57.5 \n 8: 41.2 198.1 126.0 113.4 139.7 169.7 117.0 120.1  0.0 66.5 \n 9: 82.9 147.5 118.3 103.1 80.2 111.5 85.7 57.5 66.5  0.0 \n\nBelow are some previous traces and their lengths. The traces are arranged in descending order based on their lengths, where lower values are better.\n0,1,8,5,7,4,6,9,3,2 length: 991\n0,6,2,7,8,4,9,5,1,3 length: 950\n0,7,4,6,2,8,1,5,3,9 length: 924\n0,3,6,8,7,9,2,1,4,5 length: 915\n\nGive me a new trace that is different from all traces above, and has a length lower than any of the above. The trace should traverse all nodesThe path must start at 0 will return to 0 at the end of the trace, which is included in the distance.",
      "size": 10,
      "optimal_solution": {
        "path": [
          1,
          9,
          10,
          8,
          5,
          6,
          2,
          7,
          4,
          3
        ],
        "distance": 496.19047664490097
      }
    },
    {
      "problem_id": "tsp_10_23",
      "prompt": "You are given a list of points with coordinates below: (1): (35, 43), (2): (52, -19), (3): (93, 13), (4): (56, 84), (5): (29, 9), (6): (40, 14), (7): (-60, 90), (8): (21, 15), (9): (-34, 92), (10): (-37, 63).\n\nDistance Matrix:\n       0    1    2    3    4    5    6    7    8    9\n 0:  0.0 64.3 65.3 46.1 34.5 29.4 106.0 31.3 84.6 74.7 \n 1: 64.3  0.0 52.0 103.1 36.2 35.1 156.3 46.0 140.4 121.0 \n 2: 65.3 52.0  0.0 80.1 64.1 53.0 171.3 72.0 149.6 139.3 \n 3: 46.1 103.1 80.1  0.0 79.7 71.8 116.2 77.4 90.4 95.3 \n 4: 34.5 36.2 64.1 79.7  0.0 12.1 120.3 10.0 104.2 85.3 \n 5: 29.4 35.1 53.0 71.8 12.1  0.0 125.6 19.0 107.5 91.3 \n 6: 106.0 156.3 171.3 116.2 120.3 125.6  0.0 110.4 26.1 35.5 \n 7: 31.3 46.0 72.0 77.4 10.0 19.0 110.4  0.0 94.6 75.3 \n 8: 84.6 140.4 149.6 90.4 104.2 107.5 26.1 94.6  0.0 29.2 \n 9: 74.7 121.0 139.3 95.3 85.3 91.3 35.5 75.3 29.2  0.0 \n\nBelow are some previous traces and their lengths. The traces are arranged in descending order based on their lengths, where lower values are better.\n0,7,8,5,6,3,1,9,4,2 length: 914\n0,9,7,1,4,3,8,5,2,6 length: 840\n0,9,3,5,2,7,6,8,1,4 length: 715\n0,1,5,2,7,8,3,6,9,4 length: 681\n\nGive me a new trace that is different from all traces above, and has a length lower than any of the above. The trace should traverse all nodesThe path must start at 0 will return to 0 at the end of the trace, which is included in the distance.",
      "size": 10,
      "optimal_solution": {
        "path": [
          1,
          8,
          5,
          6,
          2,
          3,
          4,
          9,
          7,
          10
        ],
        "distance": 447.200315567963
      }
    },
    {
      "problem_id": "tsp_10_21",
      "prompt": "You are given a list of points with coordinates below: (1): (-94, -89), (2): (-38, 21), (3): (56, 96), (4): (-82, 16), (5): (6, 61), (6): (47, -51), (7): (83, 78), (8): (-2, 26), (9): (2, -38), (10): (-63, 67).\n\nDistance Matrix:\n       0    1    2    3    4    5    6    7    8    9\n 0:  0.0 123.4 238.2 105.7 180.3 146.0 243.3 147.3 108.7 159.1 \n 1: 123.4  0.0 120.3 44.3 59.5 111.4 133.8 36.3 71.3 52.4 \n 2: 238.2 120.3  0.0 159.5 61.0 147.3 32.4 90.9 144.5 122.5 \n 3: 105.7 44.3 159.5  0.0 98.8 145.4 176.3 80.6 99.9 54.4 \n 4: 180.3 59.5 61.0 98.8  0.0 119.3 78.9 35.9 99.1 69.3 \n 5: 146.0 111.4 147.3 145.4 119.3  0.0 133.9 91.3 46.8 161.3 \n 6: 243.3 133.8 32.4 176.3 78.9 133.9  0.0 99.6 141.5 146.4 \n 7: 147.3 36.3 90.9 80.6 35.9 91.3 99.6  0.0 64.1 73.5 \n 8: 108.7 71.3 144.5 99.9 99.1 46.8 141.5 64.1  0.0 123.5 \n 9: 159.1 52.4 122.5 54.4 69.3 161.3 146.4 73.5 123.5  0.0 \n\nBelow are some previous traces and their lengths. The traces are arranged in descending order based on their lengths, where lower values are better.\n0,6,1,5,3,7,4,2,8,9 length: 1238\n0,2,5,3,1,8,9,4,6,7 length: 1165\n0,4,8,5,2,9,3,6,7,1 length: 1086\n0,5,3,1,2,6,9,7,4,8 length: 952\n\nGive me a new trace that is different from all traces above, and has a length lower than any of the above. The trace should traverse all nodesThe path must start at 0 will return to 0 at the end of the trace, which is included in the distance.",
      "size": 10,
      "optimal_solution": {
        "path": [
          1,
          4,
          10,
          2,
          8,
          5,
          3,
          7,
          6,
          9
        ],
        "distance": 667.6685238808658
      }
    }
  ],
  "size_15": [
    {
      "problem_id": "tsp_15_3",
      "prompt": "You are given a list of points with coordinates below: (1): (58, 30), (2): (-17, -72), (3): (-45, 91), (4): (-45, -6), (5): (-65, -57), (6): (-83, 70), (7): (-51, 58), (8): (-45, -29), (9): (33, 92), (10): (-25, 22), (11): (95, 80), (12): (-52, -4), (13): (-59, -78), (14): (-1, 12), (15): (-78, -6).\n\nDistance Matrix:\n       0    1    2    3    4    5    6    7    8    9   10   11   12   13   14\n 0:  0.0 126.6 119.7 109.1 150.7 146.6 112.5 118.7 66.9 83.4 62.2 115.1 159.2 61.7 140.7 \n 1: 126.6  0.0 165.4 71.7 50.3 156.6 134.4 51.3 171.5 94.3 188.8 76.5 42.4 85.5 89.9 \n 2: 119.7 165.4  0.0 97.0 149.3 43.4 33.5 120.0 78.0 71.8 140.4 95.3 169.6 90.4 102.5 \n 3: 109.1 71.7 97.0  0.0 54.8 85.0 64.3 23.0 125.3 34.4 164.3  7.3 73.3 47.5 33.0 \n 4: 150.7 50.3 149.3 54.8  0.0 128.3 115.8 34.4 178.3 88.5 210.6 54.6 21.8 94.1 52.6 \n 5: 146.6 156.6 43.4 85.0 128.3  0.0 34.2 106.0 118.1 75.3 178.3 80.2 149.9 100.4 76.2 \n 6: 112.5 134.4 33.5 64.3 115.8 34.2  0.0 87.2 90.6 44.4 147.6 62.0 136.2 67.9 69.5 \n 7: 118.7 51.3 120.0 23.0 34.4 106.0 87.2  0.0 144.0 54.8 177.4 26.0 51.0 60.1 40.2 \n 8: 66.9 171.5 78.0 125.3 178.3 118.1 90.6 144.0  0.0 90.9 63.2 128.2 193.3 86.9 148.1 \n 9: 83.4 94.3 71.8 34.4 88.5 75.3 44.4 54.8 90.9  0.0 133.3 37.5 105.6 26.0 59.9 \n10: 62.2 188.8 140.4 164.3 210.6 178.3 147.6 177.4 63.2 133.3  0.0 169.3 220.6 117.6 193.2 \n11: 115.1 76.5 95.3  7.3 54.6 80.2 62.0 26.0 128.2 37.5 169.3  0.0 74.3 53.5 26.1 \n12: 159.2 42.4 169.6 73.3 21.8 149.9 136.2 51.0 193.3 105.6 220.6 74.3  0.0 107.1 74.5 \n13: 61.7 85.5 90.4 47.5 94.1 100.4 67.9 60.1 86.9 26.0 117.6 53.5 107.1  0.0 79.1 \n14: 140.7 89.9 102.5 33.0 52.6 76.2 69.5 40.2 148.1 59.9 193.2 26.1 74.5 79.1  0.0 \n\nBelow are some previous traces and their lengths. The traces are arranged in descending order based on their lengths, where lower values are better.\n0,7,6,11,13,5,14,8,4,10,12,3,2,9,1 length: 1719\n0,5,13,12,6,14,8,10,7,3,4,2,1,9,11 length: 1588\n0,2,3,13,4,9,10,6,12,11,8,5,14,1,7 length: 1521\n0,2,8,3,13,14,7,11,6,12,9,10,1,4,5 length: 1467\n\nGive me a new trace that is different from all traces above, and has a length lower than any of the above. The trace should traverse all nodesThe path must start at 0 will return to 0 at the end of the trace, which is included in the distance.",
      "size": 15,
      "optimal_solution": {
        "path": [
          12,
          4,
          10,
          14,
          1,
          11,
          9,
          3,
          7,
          6,
          15,
          5,
          13,
          2,
          8
        ],
        "distance": 670.785535941412
      }
    },
    {
      "problem_id": "tsp_15_15",
      "prompt": "You are given a list of points with coordinates below: (1): (-70, 37), (2): (22, -14), (3): (-74, -28), (4): (9, 53), (5): (8, -44), (6): (-55, -72), (7): (73, -80), (8): (78, -62), (9): (99, -61), (10): (99, -35), (11): (80, 82), (12): (39, -15), (13): (2, -1), (14): (83, 2), (15): (-7, 6).\n\nDistance Matrix:\n       0    1    2    3    4    5    6    7    8    9   10   11   12   13   14\n 0:  0.0 105.2 65.1 80.6 112.4 110.0 184.8 178.1 195.4 183.7 156.6 120.8 81.4 157.0 70.2 \n 1: 105.2  0.0 97.0 68.2 33.1 96.4 83.4 73.8 90.2 79.8 112.2 17.0 23.9 63.1 35.2 \n 2: 65.1 97.0  0.0 116.0 83.5 47.9 155.9 155.8 176.1 173.1 189.3 113.7 80.7 159.8 75.1 \n 3: 80.6 68.2 116.0  0.0 97.0 140.4 147.6 134.1 145.2 125.9 76.7 74.3 54.5 89.9 49.6 \n 4: 112.4 33.1 83.5 97.0  0.0 68.9 74.3 72.3 92.6 91.4 145.1 42.4 43.4 88.0 52.2 \n 5: 110.0 96.4 47.9 140.4 68.9  0.0 128.2 133.4 154.4 158.4 204.8 109.9 91.0 156.6 91.6 \n 6: 184.8 83.4 155.9 147.6 74.3 128.2  0.0 18.7 32.2 52.0 162.2 73.4 106.2 82.6 117.5 \n 7: 178.1 73.8 155.8 134.1 72.3 133.4 18.7  0.0 21.0 34.2 144.0 61.1 97.5 64.2 108.9 \n 8: 195.4 90.2 176.1 145.2 92.6 154.4 32.2 21.0  0.0 26.0 144.3 75.6 114.1 65.0 125.4 \n 9: 183.7 79.8 173.1 125.9 91.4 158.4 52.0 34.2 26.0  0.0 118.5 63.2 102.8 40.3 113.7 \n10: 156.6 112.2 189.3 76.7 145.1 204.8 162.2 144.0 144.3 118.5  0.0 105.3 113.9 80.1 115.5 \n11: 120.8 17.0 113.7 74.3 42.4 109.9 73.4 61.1 75.6 63.2 105.3  0.0 39.6 47.2 50.6 \n12: 81.4 23.9 80.7 54.5 43.4 91.0 106.2 97.5 114.1 102.8 113.9 39.6  0.0 81.1 11.4 \n13: 157.0 63.1 159.8 89.9 88.0 156.6 82.6 64.2 65.0 40.3 80.1 47.2 81.1  0.0 90.1 \n14: 70.2 35.2 75.1 49.6 52.2 91.6 117.5 108.9 125.4 113.7 115.5 50.6 11.4 90.1  0.0 \n\nBelow are some previous traces and their lengths. The traces are arranged in descending order based on their lengths, where lower values are better.\n0,8,1,13,7,14,10,12,11,4,2,6,3,5,9 length: 1703\n0,1,5,4,8,12,13,3,6,9,14,11,7,2,10 length: 1575\n0,6,13,4,10,8,7,1,12,3,2,14,5,9,11 length: 1443\n0,10,14,9,7,12,4,1,2,6,8,5,13,11,3 length: 1392\n\nGive me a new trace that is different from all traces above, and has a length lower than any of the above. The trace should traverse all nodesThe path must start at 0 will return to 0 at the end of the trace, which is included in the distance.",
      "size": 15,
      "optimal_solution": {
        "path": [
          14,
          10,
          9,
          7,
          8,
          12,
          2,
          13,
          15,
          5,
          6,
          3,
          1,
          4,
          11
        ],
        "distance": 702.1018262114287
      }
    },
    {
      "problem_id": "tsp_15_18",
      "prompt": "You are given a list of points with coordinates below: (1): (34, -5), (2): (-46, 56), (3): (44, 28), (4): (96, -46), (5): (-40, 30), (6): (-91, 53), (7): (64, -62), (8): (-35, 70), (9): (30, 2), (10): (70, 93), (11): (-66, -77), (12): (-83, -54), (13): (-49, -89), (14): (-21, -34), (15): (73, -20).\n\nDistance Matrix:\n       0    1    2    3    4    5    6    7    8    9   10   11   12   13   14\n 0:  0.0 100.6 34.5 74.3 81.9 137.8 64.4 101.9  8.1 104.4 123.2 126.8 118.1 62.2 41.8 \n 1: 100.6  0.0 94.3 174.8 26.7 45.1 161.3 17.8 93.2 121.8 134.5 116.1 145.0 93.4 141.2 \n 2: 34.5 94.3  0.0 90.4 84.0 137.3 92.2 89.5 29.5 70.0 152.1 151.2 149.5 89.8 56.1 \n 3: 74.3 174.8 90.4  0.0 155.8 211.6 35.8 175.0 81.6 141.4 164.9 179.2 151.2 117.6 34.7 \n 4: 81.9 26.7 84.0 155.8  0.0 55.9 138.9 40.3 75.4 126.8 110.1 94.4 119.3 66.8 123.6 \n 5: 137.8 45.1 137.3 211.6 55.9  0.0 193.0 58.5 131.3 165.9 132.4 107.3 148.1 111.7 179.5 \n 6: 64.4 161.3 92.2 35.8 138.9 193.0  0.0 165.0 72.5 155.1 130.9 147.2 116.2 89.5 43.0 \n 7: 101.9 17.8 89.5 175.0 40.3 58.5 165.0  0.0 94.1 107.5 150.2 133.0 159.6 104.9 140.6 \n 8:  8.1 93.2 29.5 81.6 75.4 131.3 72.5 94.1  0.0 99.4 124.3 126.1 120.5 62.4 48.3 \n 9: 104.4 121.8 70.0 141.4 126.8 165.9 155.1 107.5 99.4  0.0 217.7 212.2 217.5 156.2 113.0 \n10: 123.2 134.5 152.1 164.9 110.1 132.4 130.9 150.2 124.3 217.7  0.0 28.6 20.8 62.2 150.2 \n11: 126.8 116.1 151.2 179.2 94.4 107.3 147.2 133.0 126.1 212.2 28.6  0.0 48.8 65.1 159.7 \n12: 118.1 145.0 149.5 151.2 119.3 148.1 116.2 159.6 120.5 217.5 20.8 48.8  0.0 61.7 140.2 \n13: 62.2 93.4 89.8 117.6 66.8 111.7 89.5 104.9 62.4 156.2 62.2 65.1 61.7  0.0 95.0 \n14: 41.8 141.2 56.1 34.7 123.6 179.5 43.0 140.6 48.3 113.0 150.2 159.7 140.2 95.0  0.0 \n\nBelow are some previous traces and their lengths. The traces are arranged in descending order based on their lengths, where lower values are better.\n0,12,3,1,8,10,9,5,7,14,2,13,11,4,6 length: 1753\n0,7,5,10,8,11,2,4,13,14,6,1,9,3,12 length: 1677\n0,7,9,2,14,11,1,3,8,5,13,6,12,4,10 length: 1669\n0,2,9,7,14,4,13,10,8,12,5,11,3,6,1 length: 1582\n\nGive me a new trace that is different from all traces above, and has a length lower than any of the above. The trace should traverse all nodesThe path must start at 0 will return to 0 at the end of the trace, which is included in the distance.",
      "size": 15,
      "optimal_solution": {
        "path": [
          3,
          10,
          8,
          2,
          5,
          6,
          12,
          11,
          13,
          14,
          7,
          4,
          15,
          1,
          9
        ],
        "distance": 735.716280951713
      }
    },
    {
      "problem_id": "tsp_15_4",
      "prompt": "You are given a list of points with coordinates below: (1): (53, -6), (2): (-41, 11), (3): (-77, -4), (4): (94, -49), (5): (98, 58), (6): (-75, 59), (7): (39, -51), (8): (49, -32), (9): (79, 82), (10): (-26, 62), (11): (5, -86), (12): (-75, 88), (13): (-49, 90), (14): (-95, -44), (15): (49, 7).\n\nDistance Matrix:\n       0    1    2    3    4    5    6    7    8    9   10   11   12   13   14\n 0:  0.0 95.5 130.0 59.4 78.2 143.6 47.1 26.3 91.8 104.2 93.3 158.8 140.1 152.8 13.6 \n 1: 95.5  0.0 39.0 147.7 146.7 58.8 101.2 99.7 139.4 53.2 107.4 84.2 79.4 77.1 90.1 \n 2: 130.0 39.0  0.0 176.8 185.7 63.0 125.2 129.1 178.1 83.4 116.0 92.0 98.1 43.9 126.5 \n 3: 59.4 147.7 176.8  0.0 107.1 200.6 55.0 48.1 131.9 163.5 96.4 217.6 199.4 189.1 71.8 \n 4: 78.2 146.7 185.7 107.1  0.0 173.0 123.9 102.5 30.6 124.1 171.4 175.6 150.4 218.3 70.7 \n 5: 143.6 58.8 63.0 200.6 173.0  0.0 158.4 153.8 155.7 49.1 165.6 29.0 40.5 104.9 134.5 \n 6: 47.1 101.2 125.2 55.0 123.9 158.4  0.0 21.5 138.9 130.4 48.8 179.8 166.2 134.2 58.9 \n 7: 26.3 99.7 129.1 48.1 102.5 153.8 21.5  0.0 117.9 120.3 69.7 172.6 156.5 144.5 39.0 \n 8: 91.8 139.4 178.1 131.9 30.6 155.7 138.9 117.9  0.0 106.9 183.6 154.1 128.2 214.8 80.8 \n 9: 104.2 53.2 83.4 163.5 124.1 49.1 130.4 120.3 106.9  0.0 151.2 55.5 36.2 126.5 93.0 \n10: 93.3 107.4 116.0 96.4 171.4 165.6 48.8 69.7 183.6 151.2  0.0 191.5 184.1 108.5 102.9 \n11: 158.8 84.2 92.0 217.6 175.6 29.0 179.8 172.6 154.1 55.5 191.5  0.0 26.1 133.5 148.1 \n12: 140.1 79.4 98.1 199.4 150.4 40.5 166.2 156.5 128.2 36.2 184.1 26.1  0.0 141.7 128.4 \n13: 152.8 77.1 43.9 189.1 218.3 104.9 134.2 144.5 214.8 126.5 108.5 133.5 141.7  0.0 152.8 \n14: 13.6 90.1 126.5 71.8 70.7 134.5 58.9 39.0 80.8 93.0 102.9 148.1 128.4 152.8  0.0 \n\nBelow are some previous traces and their lengths. The traces are arranged in descending order based on their lengths, where lower values are better.\n0,8,4,12,13,3,10,1,11,7,9,6,5,2,14 length: 1676\n0,12,10,8,9,13,11,2,5,4,14,6,3,1,7 length: 1661\n0,7,3,10,12,2,11,1,9,13,5,6,8,14,4 length: 1441\n0,13,9,3,4,14,8,5,11,12,6,7,10,2,1 length: 1420\n\nGive me a new trace that is different from all traces above, and has a length lower than any of the above. The trace should traverse all nodesThe path must start at 0 will return to 0 at the end of the trace, which is included in the distance.",
      "size": 15,
      "optimal_solution": {
        "path": [
          8,
          4,
          1,
          15,
          5,
          9,
          10,
          13,
          12,
          6,
          2,
          3,
          14,
          11,
          7
        ],
        "distance": 741.0681113199336
      }
    },
    {
      "problem_id": "tsp_15_2",
      "prompt": "You are given a list of points with coordinates below: (1): (-75, 0), (2): (-99, 99), (3): (-72, 100), (4): (-76, 68), (5): (-12, -43), (6): (26, 50), (7): (64, 5), (8): (51, -32), (9): (-31, 13), (10): (-7, -70), (11): (39, -24), (12): (26, -57), (13): (69, 26), (14): (48, -68), (15): (-87, -30).\n\nDistance Matrix:\n       0    1    2    3    4    5    6    7    8    9   10   11   12   13   14\n 0:  0.0 101.9 100.0 68.0 76.3 112.7 139.1 130.0 45.9 97.6 116.5 116.0 146.3 140.5 32.3 \n 1: 101.9  0.0 27.0 38.6 166.5 134.3 188.2 199.2 109.6 192.4 184.9 199.9 183.2 222.5 129.6 \n 2: 100.0 27.0  0.0 32.2 155.1 110.0 165.9 180.4 96.2 182.0 166.4 185.1 159.2 206.5 130.9 \n 3: 68.0 38.6 32.2  0.0 128.1 103.6 153.5 161.6 71.1 154.3 147.3 161.3 151.0 184.0 98.6 \n 4: 76.3 166.5 155.1 128.1  0.0 100.5 89.9 64.0 59.1 27.5 54.4 40.5 106.4 65.0 76.1 \n 5: 112.7 134.3 110.0 103.6 100.5  0.0 58.9 85.7 68.0 124.5 75.1 107.0 49.2 120.0 138.5 \n 6: 139.1 188.2 165.9 153.5 89.9 58.9  0.0 39.2 95.3 103.3 38.3 72.7 21.6 74.7 155.0 \n 7: 130.0 199.2 180.4 161.6 64.0 85.7 39.2  0.0 93.5 69.3 14.4 35.4 60.7 36.1 138.0 \n 8: 45.9 109.6 96.2 71.1 59.1 68.0 95.3 93.5  0.0 86.4 79.2 90.3 100.8 113.1 70.6 \n 9: 97.6 192.4 182.0 154.3 27.5 124.5 103.3 69.3 86.4  0.0 65.1 35.5 122.4 55.0 89.4 \n10: 116.5 184.9 166.4 147.3 54.4 75.1 38.3 14.4 79.2 65.1  0.0 35.5 58.3 44.9 126.1 \n11: 116.0 199.9 185.1 161.3 40.5 107.0 72.7 35.4 90.3 35.5 35.5  0.0 93.5 24.6 116.2 \n12: 146.3 183.2 159.2 151.0 106.4 49.2 21.6 60.7 100.8 122.4 58.3 93.5  0.0 96.3 165.7 \n13: 140.5 222.5 206.5 184.0 65.0 120.0 74.7 36.1 113.1 55.0 44.9 24.6 96.3  0.0 140.2 \n14: 32.3 129.6 130.9 98.6 76.1 138.5 155.0 138.0 70.6 89.4 126.1 116.2 165.7 140.2  0.0 \n\nBelow are some previous traces and their lengths. The traces are arranged in descending order based on their lengths, where lower values are better.\n0,10,6,1,13,8,4,3,7,14,9,5,12,2,11 length: 1889\n0,4,2,6,8,12,1,9,13,5,10,3,14,7,11 length: 1754\n0,5,1,3,7,2,12,4,9,8,6,11,14,10,13 length: 1603\n0,14,2,6,11,10,8,3,4,9,13,7,12,1,5 length: 1325\n\nGive me a new trace that is different from all traces above, and has a length lower than any of the above. The trace should traverse all nodesThe path must start at 0 will return to 0 at the end of the trace, which is included in the distance.",
      "size": 15,
      "optimal_solution": {
        "path": [
          15,
          1,
          9,
          4,
          2,
          3,
          6,
          13,
          7,
          11,
          8,
          14,
          12,
          10,
          5
        ],
        "distance": 648.2009537237908
      }
    }
  ],
  "size_20": [
    {
      "problem_id": "tsp_20_22",
      "prompt": "You are given a list of points with coordinates below: (1): (-33, -14), (2): (-64, 25), (3): (-55, -82), (4): (85, 10), (5): (18, 16), (6): (60, -80), (7): (-26, -25), (8): (-99, -67), (9): (-73, -20), (10): (-44, -39), (11): (-73, -55), (12): (-32, 85), (13): (-8, -58), (14): (-36, -66), (15): (-33, -90), (16): (71, 39), (17): (52, -21), (18): (2, 3), (19): (-8, 74), (20): (-8, -98).\n\nDistance Matrix:\n       0    1    2    3    4    5    6    7    8    9   10   11   12   13   14   15   16   17   18   19\n 0:  0.0 49.8 71.5 120.4 59.2 114.0 13.0 84.6 40.4 27.3 57.3 99.0 50.6 52.1 76.0 116.7 85.3 38.9 91.5 87.6 \n 1: 49.8  0.0 107.4 149.8 82.5 162.5 62.8 98.4 45.9 67.1 80.5 68.0 100.1 95.2 119.1 135.7 124.8 69.6 74.4 135.1 \n 2: 71.5 107.4  0.0 167.5 122.2 115.0 64.0 46.5 64.6 44.4 32.4 168.6 52.8 24.8 23.4 174.7 123.2 102.3 162.9 49.6 \n 3: 120.4 149.8 167.5  0.0 67.3 93.4 116.4 199.5 160.8 138.0 170.8 139.0 115.2 142.9 154.7 32.2 45.3 83.3 112.9 142.5 \n 4: 59.2 82.5 122.2 67.3  0.0 104.8 60.1 143.5 97.9 82.9 115.4 85.2 78.4 98.2 117.6 57.8 50.2 20.6 63.6 116.9 \n 5: 114.0 162.5 115.0 93.4 104.8  0.0 102.1 159.5 145.9 111.8 135.3 188.9 71.5 97.0 93.5 119.5 59.5 101.3 168.3 70.3 \n 6: 13.0 62.8 64.0 116.4 60.1 102.1  0.0 84.2 47.3 22.8 55.8 110.2 37.6 42.2 65.4 116.2 78.1 39.6 100.6 75.2 \n 7: 84.6 98.4 46.5 199.5 143.5 159.5 84.2  0.0 53.7 61.7 28.6 166.1 91.4 63.0 69.9 200.3 157.9 122.9 167.8 96.1 \n 8: 40.4 45.9 64.6 160.8 97.9 145.9 47.3 53.7  0.0 34.7 35.0 112.7 75.3 59.0 80.6 155.6 125.0 78.4 114.3 101.5 \n 9: 27.3 67.1 44.4 138.0 82.9 111.8 22.8 61.7 34.7  0.0 33.1 124.6 40.7 28.2 52.2 139.0 97.7 62.3 118.6 69.1 \n10: 57.3 80.5 32.4 170.8 115.4 135.3 55.8 28.6 35.0 33.1  0.0 145.9 65.1 38.6 53.2 172.0 129.5 94.8 144.5 77.9 \n11: 99.0 68.0 168.6 139.0 85.2 188.9 110.2 166.1 112.7 124.6 145.9  0.0 145.0 151.1 175.0 112.8 135.2 88.8 26.4 184.6 \n12: 50.6 100.1 52.8 115.2 78.4 71.5 37.6 91.4 75.3 40.7 65.1 145.0  0.0 29.1 40.6 125.1 70.5 61.8 132.0 40.0 \n13: 52.1 95.2 24.8 142.9 98.2 97.0 42.2 63.0 59.0 28.2 38.6 151.1 29.1  0.0 24.2 149.9 98.8 78.8 142.8 42.5 \n14: 76.0 119.1 23.4 154.7 117.6 93.5 65.4 69.9 80.6 52.2 53.2 175.0 40.6 24.2  0.0 165.7 109.5 99.4 165.9 26.2 \n15: 116.7 135.7 174.7 32.2 57.8 119.5 116.2 200.3 155.6 139.0 172.0 112.8 125.1 149.9 165.7  0.0 62.9 77.8 86.4 158.1 \n16: 85.3 124.8 123.2 45.3 50.2 59.5 78.1 157.9 125.0 97.7 129.5 135.2 70.5 98.8 109.5 62.9  0.0 55.5 112.4 97.6 \n17: 38.9 69.6 102.3 83.3 20.6 101.3 39.6 122.9 78.4 62.3 94.8 88.8 61.8 78.8 99.4 77.8 55.5  0.0 71.7 101.5 \n18: 91.5 74.4 162.9 112.9 63.6 168.3 100.6 167.8 114.3 118.6 144.5 26.4 132.0 142.8 165.9 86.4 112.4 71.7  0.0 172.0 \n19: 87.6 135.1 49.6 142.5 116.9 70.3 75.2 96.1 101.5 69.1 77.9 184.6 40.0 42.5 26.2 158.1 97.6 101.5 172.0  0.0 \n\nBelow are some previous traces and their lengths. The traces are arranged in descending order based on their lengths, where lower values are better.\n0,14,18,17,9,5,6,10,15,4,7,2,1,12,11,3,8,19,16,13 length: 2068\n0,2,6,12,7,9,16,5,17,14,19,1,18,15,13,4,10,8,3,11 length: 1804\n0,7,14,10,2,3,6,1,12,5,4,11,17,16,19,13,18,8,9,15 length: 1780\n0,1,16,3,2,19,17,12,7,13,8,6,10,14,9,11,18,5,15,4 length: 1578\n\nGive me a new trace that is different from all traces above, and has a length lower than any of the above. The trace should traverse all nodesThe path must start at 0 will return to 0 at the end of the trace, which is included in the distance.",
      "size": 20,
      "optimal_solution": {
        "path": [
          9,
          8,
          11,
          10,
          1,
          7,
          13,
          14,
          3,
          15,
          20,
          6,
          17,
          4,
          16,
          5,
          18,
          19,
          12,
          2
        ],
        "distance": 794.773249598834
      }
    },
    {
      "problem_id": "tsp_20_3",
      "prompt": "You are given a list of points with coordinates below: (1): (-30, -93), (2): (-36, -7), (3): (-34, 44), (4): (-91, -27), (5): (89, -63), (6): (-39, 44), (7): (-31, -73), (8): (-85, -16), (9): (-6, -29), (10): (92, -12), (11): (-85, 47), (12): (-21, -94), (13): (79, -31), (14): (-77, -28), (15): (63, -84), (16): (90, 0), (17): (98, -44), (18): (49, -38), (19): (-83, 76), (20): (-96, -52).\n\nDistance Matrix:\n       0    1    2    3    4    5    6    7    8    9   10   11   12   13   14   15   16   17   18   19\n 0:  0.0 86.2 137.1 89.9 122.7 137.3 20.0 94.6 68.4 146.4 150.4  9.1 125.4 80.2 93.4 151.8 137.1 96.3 177.1 77.7 \n 1: 86.2  0.0 51.0 58.5 137.0 51.1 66.2 49.8 37.2 128.1 72.9 88.3 117.5 46.1 125.4 126.2 139.0 90.5 95.4 75.0 \n 2: 137.1 51.0  0.0 91.0 163.0  5.0 117.0 78.7 78.2 137.9 51.1 138.6 135.6 83.9 160.6 131.6 158.6 116.7 58.5 114.3 \n 3: 89.9 58.5 91.0  0.0 183.6 88.0 75.6 12.5 85.0 183.6 74.2 96.9 170.0 14.0 164.2 183.0 189.8 140.4 103.3 25.5 \n 4: 122.7 137.0 163.0 183.6  0.0 166.8 120.4 180.2 100.9 51.1 205.9 114.3 33.5 169.6 33.4 63.0 21.0 47.2 221.1 185.3 \n 5: 137.3 51.1  5.0 88.0 166.8  0.0 117.3 75.6 80.1 142.5 46.1 139.2 139.8 81.4 163.7 136.3 162.8 120.3 54.4 111.6 \n 6: 20.0 66.2 117.0 75.6 120.4 117.3  0.0 78.5 50.6 137.3 131.6 23.3 117.7 64.4 94.6 141.3 132.2 87.3 157.8 68.3 \n 7: 94.6 49.8 78.7 12.5 180.2 75.6 78.5  0.0 80.1 177.0 63.0 100.9 164.7 14.4 162.9 175.7 185.1 135.8 92.0 37.6 \n 8: 68.4 37.2 78.2 85.0 100.9 80.1 50.6 80.1  0.0 99.5 109.6 66.7 85.0 71.0 88.2 100.3 105.1 55.7 130.2 92.9 \n 9: 146.4 128.1 137.9 183.6 51.1 142.5 137.3 177.0 99.5  0.0 186.6 139.6 23.0 169.8 77.6 12.2 32.6 50.2 195.9 192.2 \n10: 150.4 72.9 51.1 74.2 205.9 46.1 131.6 63.0 109.6 186.6  0.0 154.8 181.6 75.4 197.6 181.2 204.4 158.7 29.1 99.6 \n11:  9.1 88.3 138.6 96.9 114.3 139.2 23.3 100.9 66.7 139.6 154.8  0.0 118.2 86.6 84.6 145.5 129.1 89.6 181.0 86.0 \n12: 125.4 117.5 135.6 170.0 33.5 139.8 117.7 164.7 85.0 23.0 181.6 118.2  0.0 156.0 55.4 32.9 23.0 30.8 194.1 176.3 \n13: 80.2 46.1 83.9 14.0 169.6 81.4 64.4 14.4 71.0 169.8 75.4 86.6 156.0  0.0 150.8 169.3 175.7 126.4 104.2 30.6 \n14: 93.4 125.4 160.6 164.2 33.4 163.7 94.6 162.9 88.2 77.6 197.6 84.6 55.4 150.8  0.0 88.2 53.2 48.1 216.6 162.2 \n15: 151.8 126.2 131.6 183.0 63.0 136.3 141.3 175.7 100.3 12.2 181.2 145.5 32.9 169.3 88.2  0.0 44.7 55.9 189.0 193.1 \n16: 137.1 139.0 158.6 189.8 21.0 162.8 132.2 185.1 105.1 32.6 204.4 129.1 23.0 175.7 53.2 44.7  0.0 49.4 217.2 194.2 \n17: 96.3 90.5 116.7 140.4 47.2 120.3 87.3 135.8 55.7 50.2 158.7 89.6 30.8 126.4 48.1 55.9 49.4  0.0 174.4 145.7 \n18: 177.1 95.4 58.5 103.3 221.1 54.4 157.8 92.0 130.2 195.9 29.1 181.0 194.1 104.2 216.6 189.0 217.2 174.4  0.0 128.7 \n19: 77.7 75.0 114.3 25.5 185.3 111.6 68.3 37.6 92.9 192.2 99.6 86.0 176.3 30.6 162.2 193.1 194.2 145.7 128.7  0.0 \n\nBelow are some previous traces and their lengths. The traces are arranged in descending order based on their lengths, where lower values are better.\n0,3,15,11,2,9,4,12,5,6,16,8,19,10,17,18,1,13,14,7 length: 2349\n0,13,18,2,9,12,10,16,11,8,4,6,7,17,1,19,15,5,14,3 length: 2334\n0,6,1,9,8,16,19,10,13,2,14,15,12,7,4,17,5,3,18,11 length: 2047\n0,2,18,19,4,17,12,5,10,8,3,15,13,11,6,7,1,16,14,9 length: 1975\n\nGive me a new trace that is different from all traces above, and has a length lower than any of the above. The trace should traverse all nodesThe path must start at 0 will return to 0 at the end of the trace, which is included in the distance.",
      "size": 20,
      "optimal_solution": {
        "path": [
          13,
          18,
          9,
          2,
          3,
          6,
          19,
          11,
          8,
          14,
          4,
          20,
          7,
          1,
          12,
          15,
          5,
          17,
          10,
          16
        ],
        "distance": 694.250350659898
      }
    },
    {
      "problem_id": "tsp_20_10",
      "prompt": "You are given a list of points with coordinates below: (1): (18, 51), (2): (-36, -8), (3): (67, 71), (4): (-15, -1), (5): (-92, -37), (6): (-43, 52), (7): (-62, 44), (8): (74, 0), (9): (-34, -2), (10): (-73, -18), (11): (85, 80), (12): (53, -41), (13): (-68, 37), (14): (-90, 45), (15): (-85, 33), (16): (35, 69), (17): (90, -82), (18): (-58, 7), (19): (19, 13), (20): (54, -86).\n\nDistance Matrix:\n       0    1    2    3    4    5    6    7    8    9   10   11   12   13   14   15   16   17   18   19\n 0:  0.0 80.0 52.9 61.6 140.9 61.0 80.3 75.7 74.2 114.2 73.0 98.4 87.1 108.2 104.6 24.8 151.2 87.8 38.0 141.7 \n 1: 80.0  0.0 129.8 22.1 63.1 60.4 58.1 110.3  6.3 38.3 149.6 94.9 55.2 75.7 63.9 104.7 146.1 26.6 58.9 119.1 \n 2: 52.9 129.8  0.0 109.1 192.2 111.6 131.8 71.3 124.6 165.9 20.1 112.9 139.2 159.1 156.7 32.1 154.7 140.4 75.3 157.5 \n 3: 61.6 22.1 109.1  0.0 85.0 59.9 65.1 89.0 19.0 60.4 128.7 78.9 65.2 88.0 77.8 86.0 132.6 43.7 36.8 109.5 \n 4: 140.9 63.1 192.2 85.0  0.0 101.6 86.4 170.1 67.7 26.9 212.2 145.1 77.8 82.0 70.3 165.4 187.5 55.6 121.7 154.0 \n 5: 61.0 60.4 111.6 59.9 101.6  0.0 20.6 128.0 54.7 76.2 131.0 133.7 29.2 47.5 46.1 79.8 188.8 47.4 73.2 168.7 \n 6: 80.3 58.1 131.8 65.1 86.4 20.6  0.0 142.9 53.9 63.0 151.3 143.0  9.2 28.0 25.5 100.2 197.4 37.2 86.7 174.2 \n 7: 75.7 110.3 71.3 89.0 170.1 128.0 142.9  0.0 108.0 148.1 80.8 46.1 146.7 170.1 162.4 79.3 83.5 132.2 56.5 88.3 \n 8: 74.2  6.3 124.6 19.0 67.7 54.7 53.9 108.0  0.0 42.2 144.5 95.3 51.7 73.1 61.9 99.0 147.6 25.6 55.1 121.7 \n 9: 114.2 38.3 165.9 60.4 26.9 76.2 63.0 148.1 42.2  0.0 185.9 128.1 55.2 65.3 52.4 138.7 175.1 29.2 97.1 144.1 \n10: 73.0 149.6 20.1 128.7 212.2 131.0 151.3 80.8 144.5 185.9  0.0 125.2 158.9 178.5 176.4 51.2 162.1 160.6 94.0 168.9 \n11: 98.4 94.9 112.9 78.9 145.1 133.7 143.0 46.1 95.3 128.1 125.2  0.0 144.0 166.9 156.6 111.5 55.2 120.9 63.8 45.0 \n12: 87.1 55.2 139.2 65.2 77.8 29.2  9.2 146.7 51.7 55.2 158.9 144.0  0.0 23.4 17.5 107.9 197.8 31.6 90.2 173.2 \n13: 108.2 75.7 159.1 88.0 82.0 47.5 28.0 170.1 73.1 65.3 178.5 166.9 23.4  0.0 13.0 127.3 220.3 49.7 113.6 194.7 \n14: 104.6 63.9 156.7 77.8 70.3 46.1 25.5 162.4 61.9 52.4 176.4 156.6 17.5 13.0  0.0 125.3 209.4 37.5 105.9 183.0 \n15: 24.8 104.7 32.1 86.0 165.4 79.8 100.2 79.3 99.0 138.7 51.2 111.5 107.9 127.3 125.3  0.0 160.7 111.8 58.2 156.2 \n16: 151.2 146.1 154.7 132.6 187.5 188.8 197.4 83.5 147.6 175.1 162.1 55.2 197.8 220.3 209.4 160.7  0.0 172.7 118.6 36.2 \n17: 87.8 26.6 140.4 43.7 55.6 47.4 37.2 132.2 25.6 29.2 160.6 120.9 31.6 49.7 37.5 111.8 172.7  0.0 77.2 145.6 \n18: 38.0 58.9 75.3 36.8 121.7 73.2 86.7 56.5 55.1 97.1 94.0 63.8 90.2 113.6 105.9 58.2 118.6 77.2  0.0 105.0 \n19: 141.7 119.1 157.5 109.5 154.0 168.7 174.2 88.3 121.7 144.1 168.9 45.0 173.2 194.7 183.0 156.2 36.2 145.6 105.0  0.0 \n\nBelow are some previous traces and their lengths. The traces are arranged in descending order based on their lengths, where lower values are better.\n0,19,9,2,18,17,10,12,5,13,15,3,8,11,6,7,4,16,14,1 length: 2325\n0,6,9,16,18,4,14,17,1,15,10,11,5,19,12,2,8,3,7,13 length: 2100\n0,8,3,6,13,5,10,7,9,15,19,18,14,17,11,4,12,2,1,16 length: 2047\n0,18,17,9,19,14,1,8,11,2,10,3,6,13,5,12,15,7,4,16 length: 1764\n\nGive me a new trace that is different from all traces above, and has a length lower than any of the above. The trace should traverse all nodesThe path must start at 0 will return to 0 at the end of the trace, which is included in the distance.",
      "size": 20,
      "optimal_solution": {
        "path": [
          10,
          5,
          15,
          14,
          13,
          7,
          6,
          1,
          16,
          3,
          11,
          8,
          17,
          20,
          12,
          19,
          4,
          9,
          2,
          18
        ],
        "distance": 728.6639402722116
      }
    },
    {
      "problem_id": "tsp_20_17",
