[
  {
    "problem_id": "tsp_5_0",
    "size": 5,
    "prompt": "You are solving a Traveling Salesperson Problem (TSP). Your goal is to find the shortest possible route that visits each city exactly once and returns to the starting city.\n\n## Problem Setup\nGiven 5 nodes with coordinates:\nNode: 0: (63, -72)\nNode: 1: (-94, 89)\nNode: 2: (-30, -38)\nNode: 3: (-43, -65)\nNode: 4: (88, -74)\n\n\n## Distance Matrix\nThe matrix below shows the distance between each pair of nodes:\n           0     1     2     3     4\n0       0.0 224.9  99.0 106.2  25.1\n1     224.9   0.0 142.2 162.2 244.3\n2      99.0 142.2   0.0  30.0 123.4\n3     106.2 162.2  30.0   0.0 131.3\n4      25.1 244.3 123.4 131.3   0.0 \n\n\n## Previous Solutions\nThese routes have already been tried:\nRoute: 0,3,1,4,2,0 with total length: 735\nRoute: 0,3,2,4,1,0 with total length: 729\nRoute: 0,4,1,2,3,0 with total length: 548\n\n\n## Requirements\n- Start and end at node 0\n- Visit each node exactly once before returning to node 0\n- Provide a route with a total distance lower than 548\n- Your solution must be different from the previous routes\n\n## Output Format\nThink through your approach step by step, showing your calculations. Then provide your final solution in exactly this format:\n<answer>0,X,X,X,X,X,X,X,X,X,0</answer>",
    "solution": {
      "path": [
        0,
        3,
        2,
        1,
        4,
        0
      ],
      "distance": 547.8135371925763
    }
  },
  {
    "problem_id": "tsp_5_1",
    "size": 5,
    "prompt": "You are solving a Traveling Salesperson Problem (TSP). Your goal is to find the shortest possible route that visits each city exactly once and returns to the starting city.\n\n## Problem Setup\nGiven 5 nodes with coordinates:\nNode: 0: (73, 89)\nNode: 1: (39, -78)\nNode: 2: (51, 8)\nNode: 3: (-92, -93)\nNode: 4: (-77, -45)\n\n\n## Distance Matrix\nThe matrix below shows the distance between each pair of nodes:\n           0     1     2     3     4\n0       0.0 170.4  83.9 245.7 201.1\n1     170.4   0.0  86.8 131.9 120.6\n2      83.9  86.8   0.0 175.1 138.5\n3     245.7 131.9 175.1   0.0  50.3\n4     201.1 120.6 138.5  50.3   0.0 \n\n\n## Previous Solutions\nThese routes have already been tried:\nRoute: 0,1,4,2,3,0 with total length: 850\nRoute: 0,4,2,3,1,0 with total length: 817\nRoute: 0,3,4,2,1,0 with total length: 692\n\n\n## Requirements\n- Start and end at node 0\n- Visit each node exactly once before returning to node 0\n- Provide a route with a total distance lower than 692\n- Your solution must be different from the previous routes\n\n## Output Format\nThink through your approach step by step, showing your calculations. Then provide your final solution in exactly this format:\n<answer>0,X,X,X,X,X,X,X,X,X,0</answer>",
    "solution": {
      "path": [
        0,
        2,
        1,
        3,
        4,
        0
      ],
      "distance": 554.0495869274707
    }
  },
  {
    "problem_id": "tsp_5_2",
    "size": 5,
    "prompt": "You are solving a Traveling Salesperson Problem (TSP). Your goal is to find the shortest possible route that visits each city exactly once and returns to the starting city.\n\n## Problem Setup\nGiven 5 nodes with coordinates:\nNode: 0: (-41, 29)\nNode: 1: (54, -94)\nNode: 2: (43, -50)\nNode: 3: (83, 66)\nNode: 4: (79, 39)\n\n\n## Distance Matrix\nThe matrix below shows the distance between each pair of nodes:\n           0     1     2     3     4\n0       0.0 155.4 115.3 129.4 120.4\n1     155.4   0.0  45.4 162.6 135.3\n2     115.3  45.4   0.0 122.7  96.0\n3     129.4 162.6 122.7   0.0  27.3\n4     120.4 135.3  96.0  27.3   0.0 \n\n\n## Previous Solutions\nThese routes have already been tried:\nRoute: 0,4,1,3,2,0 with total length: 656\nRoute: 0,1,2,4,3,0 with total length: 453\nRoute: 0,3,4,2,1,0 with total length: 453\n\n\n## Requirements\n- Start and end at node 0\n- Visit each node exactly once before returning to node 0\n- Provide a route with a total distance lower than 453\n- Your solution must be different from the previous routes\n\n## Output Format\nThink through your approach step by step, showing your calculations. Then provide your final solution in exactly this format:\n<answer>0,X,X,X,X,X,X,X,X,X,0</answer>",
    "solution": {
      "path": [
        0,
        2,
        1,
        4,
        3,
        0
      ],
      "distance": 452.69316968254736
    }
  },
  {
    "problem_id": "tsp_5_3",
    "size": 5,
    "prompt": "You are solving a Traveling Salesperson Problem (TSP). Your goal is to find the shortest possible route that visits each city exactly once and returns to the starting city.\n\n## Problem Setup\nGiven 5 nodes with coordinates:\nNode: 0: (7, -44)\nNode: 1: (14, 50)\nNode: 2: (-29, -99)\nNode: 3: (94, -60)\nNode: 4: (78, 8)\n\n\n## Distance Matrix\nThe matrix below shows the distance between each pair of nodes:\n           0     1     2     3     4\n0       0.0  94.3  65.7  88.5  88.0\n1      94.3   0.0 155.1 136.0  76.6\n2      65.7 155.1   0.0 129.0 151.3\n3      88.5 136.0 129.0   0.0  69.9\n4      88.0  76.6 151.3  69.9   0.0 \n\n\n## Previous Solutions\nThese routes have already been tried:\nRoute: 0,4,3,2,1,0 with total length: 536\nRoute: 0,2,4,1,3,0 with total length: 518\nRoute: 0,2,4,3,1,0 with total length: 517\n\n\n## Requirements\n- Start and end at node 0\n- Visit each node exactly once before returning to node 0\n- Provide a route with a total distance lower than 517\n- Your solution must be different from the previous routes\n\n## Output Format\nThink through your approach step by step, showing your calculations. Then provide your final solution in exactly this format:\n<answer>0,X,X,X,X,X,X,X,X,X,0</answer>",
    "solution": {
      "path": [
        0,
        1,
        4,
        3,
        2,
        0
      ],
      "distance": 435.4371043003129
    }
  },
  {
    "problem_id": "tsp_5_4",
    "size": 5,
    "prompt": "You are solving a Traveling Salesperson Problem (TSP). Your goal is to find the shortest possible route that visits each city exactly once and returns to the starting city.\n\n## Problem Setup\nGiven 5 nodes with coordinates:\nNode: 0: (-13, -29)\nNode: 1: (-61, -45)\nNode: 2: (95, -14)\nNode: 3: (-74, -77)\nNode: 4: (-3, -76)\n\n\n## Distance Matrix\nThe matrix below shows the distance between each pair of nodes:\n           0     1     2     3     4\n0       0.0  50.6 109.0  77.6  48.1\n1      50.6   0.0 159.1  34.5  65.8\n2     109.0 159.1   0.0 180.4 116.0\n3      77.6  34.5 180.4   0.0  71.0\n4      48.1  65.8 116.0  71.0   0.0 \n\n\n## Previous Solutions\nThese routes have already been tried:\nRoute: 0,1,2,3,4,0 with total length: 509\nRoute: 0,1,4,3,2,0 with total length: 477\nRoute: 0,1,3,4,2,0 with total length: 381\n\n\n## Requirements\n- Start and end at node 0\n- Visit each node exactly once before returning to node 0\n- Provide a route with a total distance lower than 381\n- Your solution must be different from the previous routes\n\n## Output Format\nThink through your approach step by step, showing your calculations. Then provide your final solution in exactly this format:\n<answer>0,X,X,X,X,X,X,X,X,X,0</answer>",
    "solution": {
      "path": [
        0,
        1,
        3,
        4,
        2,
        0
      ],
      "distance": 381.1455197322533
    }
  },
  {
    "problem_id": "tsp_5_5",
    "size": 5,
    "prompt": "You are solving a Traveling Salesperson Problem (TSP). Your goal is to find the shortest possible route that visits each city exactly once and returns to the starting city.\n\n## Problem Setup\nGiven 5 nodes with coordinates:\nNode: 0: (-9, -12)\nNode: 1: (54, -33)\nNode: 2: (-89, 86)\nNode: 3: (17, 37)\nNode: 4: (-69, -4)\n\n\n## Distance Matrix\nThe matrix below shows the distance between each pair of nodes:\n           0     1     2     3     4\n0       0.0  66.4 126.5  55.5  60.5\n1      66.4   0.0 186.0  79.2 126.4\n2     126.5 186.0   0.0 116.8  92.2\n3      55.5  79.2 116.8   0.0  95.3\n4      60.5 126.4  92.2  95.3   0.0 \n\n\n## Previous Solutions\nThese routes have already been tried:\nRoute: 0,3,4,1,2,0 with total length: 590\nRoute: 0,3,1,2,4,0 with total length: 473\nRoute: 0,2,4,3,1,0 with total length: 460\n\n\n## Requirements\n- Start and end at node 0\n- Visit each node exactly once before returning to node 0\n- Provide a route with a total distance lower than 460\n- Your solution must be different from the previous routes\n\n## Output Format\nThink through your approach step by step, showing your calculations. Then provide your final solution in exactly this format:\n<answer>0,X,X,X,X,X,X,X,X,X,0</answer>",
    "solution": {
      "path": [
        0,
        1,
        3,
        2,
        4,
        0
      ],
      "distance": 415.08884244416635
    }
  },
  {
    "problem_id": "tsp_5_6",
    "size": 5,
    "prompt": "You are solving a Traveling Salesperson Problem (TSP). Your goal is to find the shortest possible route that visits each city exactly once and returns to the starting city.\n\n## Problem Setup\nGiven 5 nodes with coordinates:\nNode: 0: (-80, 41)\nNode: 1: (-25, 60)\nNode: 2: (58, -8)\nNode: 3: (47, -51)\nNode: 4: (80, -83)\n\n\n## Distance Matrix\nThe matrix below shows the distance between each pair of nodes:\n           0     1     2     3     4\n0       0.0  58.2 146.4 156.8 202.4\n1      58.2   0.0 107.3 132.3 177.4\n2     146.4 107.3   0.0  44.4  78.2\n3     156.8 132.3  44.4   0.0  46.0\n4     202.4 177.4  78.2  46.0   0.0 \n\n\n## Previous Solutions\nThese routes have already been tried:\nRoute: 0,2,4,1,3,0 with total length: 691\nRoute: 0,4,3,2,1,0 with total length: 458\n\n\n## Requirements\n- Start and end at node 0\n- Visit each node exactly once before returning to node 0\n- Provide a route with a total distance lower than 458\n- Your solution must be different from the previous routes\n\n## Output Format\nThink through your approach step by step, showing your calculations. Then provide your final solution in exactly this format:\n<answer>0,X,X,X,X,X,X,X,X,X,0</answer>",
    "solution": {
      "path": [
        0,
        3,
        4,
        2,
        1,
        0
      ],
      "distance": 446.4370212419007
    }
  },
  {
    "problem_id": "tsp_5_7",
    "size": 5,
    "prompt": "You are solving a Traveling Salesperson Problem (TSP). Your goal is to find the shortest possible route that visits each city exactly once and returns to the starting city.\n\n## Problem Setup\nGiven 5 nodes with coordinates:\nNode: 0: (-89, 69)\nNode: 1: (-42, 97)\nNode: 2: (-26, -80)\nNode: 3: (-41, -75)\nNode: 4: (-3, -29)\n\n\n## Distance Matrix\nThe matrix below shows the distance between each pair of nodes:\n           0     1     2     3     4\n0       0.0  54.7 161.8 151.8 130.4\n1      54.7   0.0 177.7 172.0 131.9\n2     161.8 177.7   0.0  15.8  55.9\n3     151.8 172.0  15.8   0.0  59.7\n4     130.4 131.9  55.9  59.7   0.0 \n\n\n## Previous Solutions\nThese routes have already been tried:\nRoute: 0,4,2,1,3,0 with total length: 688\nRoute: 0,3,1,4,2,0 with total length: 673\nRoute: 0,1,2,3,4,0 with total length: 438\n\n\n## Requirements\n- Start and end at node 0\n- Visit each node exactly once before returning to node 0\n- Provide a route with a total distance lower than 438\n- Your solution must be different from the previous routes\n\n## Output Format\nThink through your approach step by step, showing your calculations. Then provide your final solution in exactly this format:\n<answer>0,X,X,X,X,X,X,X,X,X,0</answer>",
    "solution": {
      "path": [
        0,
        1,
        4,
        2,
        3,
        0
      ],
      "distance": 410.1531239999649
    }
  },
  {
    "problem_id": "tsp_5_8",
    "size": 5,
    "prompt": "You are solving a Traveling Salesperson Problem (TSP). Your goal is to find the shortest possible route that visits each city exactly once and returns to the starting city.\n\n## Problem Setup\nGiven 5 nodes with coordinates:\nNode: 0: (16, 62)\nNode: 1: (-7, -59)\nNode: 2: (-6, -10)\nNode: 3: (-47, 71)\nNode: 4: (-32, 79)\n\n\n## Distance Matrix\nThe matrix below shows the distance between each pair of nodes:\n           0     1     2     3     4\n0       0.0 123.2  75.3  63.6  50.9\n1     123.2   0.0  49.0 136.0 140.2\n2      75.3  49.0   0.0  90.8  92.7\n3      63.6 136.0  90.8   0.0  17.0\n4      50.9 140.2  92.7  17.0   0.0 \n\n\n## Previous Solutions\nThese routes have already been tried:\nRoute: 0,2,4,1,3,0 with total length: 508\nRoute: 0,1,4,3,2,0 with total length: 446\nRoute: 0,1,2,3,4,0 with total length: 331\n\n\n## Requirements\n- Start and end at node 0\n- Visit each node exactly once before returning to node 0\n- Provide a route with a total distance lower than 331\n- Your solution must be different from the previous routes\n\n## Output Format\nThink through your approach step by step, showing your calculations. Then provide your final solution in exactly this format:\n<answer>0,X,X,X,X,X,X,X,X,X,0</answer>",
    "solution": {
      "path": [
        0,
        2,
        1,
        3,
        4,
        0
      ],
      "distance": 328.2325372314967
    }
  },
  {
    "problem_id": "tsp_5_9",
    "size": 5,
    "prompt": "You are solving a Traveling Salesperson Problem (TSP). Your goal is to find the shortest possible route that visits each city exactly once and returns to the starting city.\n\n## Problem Setup\nGiven 5 nodes with coordinates:\nNode: 0: (74, 65)\nNode: 1: (-82, 55)\nNode: 2: (62, -57)\nNode: 3: (36, 86)\nNode: 4: (-38, -59)\n\n\n## Distance Matrix\nThe matrix below shows the distance between each pair of nodes:\n           0     1     2     3     4\n0       0.0 156.3 122.6  43.4 167.1\n1     156.3   0.0 182.4 122.0 122.2\n2     122.6 182.4   0.0 145.3 100.0\n3      43.4 122.0 145.3   0.0 162.8\n4     167.1 122.2 100.0 162.8   0.0 \n\n\n## Previous Solutions\nThese routes have already been tried:\nRoute: 0,2,1,3,4,0 with total length: 757\nRoute: 0,2,3,4,1,0 with total length: 709\nRoute: 0,2,3,1,4,0 with total length: 679\n\n\n## Requirements\n- Start and end at node 0\n- Visit each node exactly once before returning to node 0\n- Provide a route with a total distance lower than 679\n- Your solution must be different from the previous routes\n\n## Output Format\nThink through your approach step by step, showing your calculations. Then provide your final solution in exactly this format:\n<answer>0,X,X,X,X,X,X,X,X,X,0</answer>",
    "solution": {
      "path": [
        0,
        2,
        4,
        1,
        3,
        0
      ],
      "distance": 510.22598931330106
    }
  },
  {
    "problem_id": "tsp_5_10",
    "size": 5,
    "prompt": "You are solving a Traveling Salesperson Problem (TSP). Your goal is to find the shortest possible route that visits each city exactly once and returns to the starting city.\n\n## Problem Setup\nGiven 5 nodes with coordinates:\nNode: 0: (18, -3)\nNode: 1: (-31, 63)\nNode: 2: (76, 42)\nNode: 3: (-44, 75)\nNode: 4: (-17, 96)\n\n\n## Distance Matrix\nThe matrix below shows the distance between each pair of nodes:\n           0     1     2     3     4\n0       0.0  82.2  73.4  99.6 105.0\n1      82.2   0.0 109.0  17.7  35.8\n2      73.4 109.0   0.0 124.5 107.5\n3      99.6  17.7 124.5   0.0  34.2\n4     105.0  35.8 107.5  34.2   0.0 \n\n\n## Previous Solutions\nThese routes have already been tried:\nRoute: 0,1,3,2,4,0 with total length: 437\nRoute: 0,4,2,3,1,0 with total length: 437\nRoute: 0,2,1,4,3,0 with total length: 352\n\n\n## Requirements\n- Start and end at node 0\n- Visit each node exactly once before returning to node 0\n- Provide a route with a total distance lower than 352\n- Your solution must be different from the previous routes\n\n## Output Format\nThink through your approach step by step, showing your calculations. Then provide your final solution in exactly this format:\n<answer>0,X,X,X,X,X,X,X,X,X,0</answer>",
    "solution": {
      "path": [
        0,
        1,
        3,
        4,
        2,
        0
      ],
      "distance": 315.0485405787179
    }
  },
  {
    "problem_id": "tsp_5_11",
    "size": 5,
    "prompt": "You are solving a Traveling Salesperson Problem (TSP). Your goal is to find the shortest possible route that visits each city exactly once and returns to the starting city.\n\n## Problem Setup\nGiven 5 nodes with coordinates:\nNode: 0: (98, -86)\nNode: 1: (-42, -92)\nNode: 2: (-20, 2)\nNode: 3: (-32, -84)\nNode: 4: (-46, 45)\n\n\n## Distance Matrix\nThe matrix below shows the distance between each pair of nodes:\n           0     1     2     3     4\n0       0.0 140.1 147.2 130.0 194.7\n1     140.1   0.0  96.5  12.8 137.1\n2     147.2  96.5   0.0  86.8  50.2\n3     130.0  12.8  86.8   0.0 129.8\n4     194.7 137.1  50.2 129.8   0.0 \n\n\n## Previous Solutions\nThese routes have already been tried:\nRoute: 0,3,2,1,4,0 with total length: 645\nRoute: 0,4,2,3,1,0 with total length: 485\nRoute: 0,4,2,1,3,0 with total length: 484\n\n\n## Requirements\n- Start and end at node 0\n- Visit each node exactly once before returning to node 0\n- Provide a route with a total distance lower than 484\n- Your solution must be different from the previous routes\n\n## Output Format\nThink through your approach step by step, showing your calculations. Then provide your final solution in exactly this format:\n<answer>0,X,X,X,X,X,X,X,X,X,0</answer>",
    "solution": {
      "path": [
        0,
        2,
        4,
        1,
        3,
        0
      ],
      "distance": 477.32993548396314
    }
  },
  {
    "problem_id": "tsp_5_12",
    "size": 5,
    "prompt": "You are solving a Traveling Salesperson Problem (TSP). Your goal is to find the shortest possible route that visits each city exactly once and returns to the starting city.\n\n## Problem Setup\nGiven 5 nodes with coordinates:\nNode: 0: (83, -20)\nNode: 1: (-46, 67)\nNode: 2: (27, 1)\nNode: 3: (64, 17)\nNode: 4: (-64, -33)\n\n\n## Distance Matrix\nThe matrix below shows the distance between each pair of nodes:\n           0     1     2     3     4\n0       0.0 155.6  59.8  41.6 147.6\n1     155.6   0.0  98.4 120.8 101.6\n2      59.8  98.4   0.0  40.3  97.1\n3      41.6 120.8  40.3   0.0 137.4\n4     147.6 101.6  97.1 137.4   0.0 \n\n\n## Previous Solutions\nThese routes have already been tried:\nRoute: 0,4,1,3,2,0 with total length: 470\nRoute: 0,2,1,4,3,0 with total length: 439\nRoute: 0,3,1,4,2,0 with total length: 421\n\n\n## Requirements\n- Start and end at node 0\n- Visit each node exactly once before returning to node 0\n- Provide a route with a total distance lower than 421\n- Your solution must be different from the previous routes\n\n## Output Format\nThink through your approach step by step, showing your calculations. Then provide your final solution in exactly this format:\n<answer>0,X,X,X,X,X,X,X,X,X,0</answer>",
    "solution": {
      "path": [
        0,
        2,
        4,
        1,
        3,
        0
      ],
      "distance": 420.98306368586157
    }
  },
  {
    "problem_id": "tsp_5_13",
    "size": 5,
    "prompt": "You are solving a Traveling Salesperson Problem (TSP). Your goal is to find the shortest possible route that visits each city exactly once and returns to the starting city.\n\n## Problem Setup\nGiven 5 nodes with coordinates:\nNode: 0: (-65, -37)\nNode: 1: (90, 43)\nNode: 2: (37, -33)\nNode: 3: (91, 49)\nNode: 4: (9, 49)\n\n\n## Distance Matrix\nThe matrix below shows the distance between each pair of nodes:\n           0     1     2     3     4\n0       0.0 174.4 102.1 178.1 113.5\n1     174.4   0.0  92.7   6.1  81.2\n2     102.1  92.7   0.0  98.2  86.6\n3     178.1   6.1  98.2   0.0  82.0\n4     113.5  81.2  86.6  82.0   0.0 \n\n\n## Previous Solutions\nThese routes have already been tried:\nRoute: 0,4,1,2,3,0 with total length: 564\nRoute: 0,4,2,3,1,0 with total length: 479\nRoute: 0,2,3,1,4,0 with total length: 401\n\n\n## Requirements\n- Start and end at node 0\n- Visit each node exactly once before returning to node 0\n- Provide a route with a total distance lower than 401\n- Your solution must be different from the previous routes\n\n## Output Format\nThink through your approach step by step, showing your calculations. Then provide your final solution in exactly this format:\n<answer>0,X,X,X,X,X,X,X,X,X,0</answer>",
    "solution": {
      "path": [
        0,
        2,
        1,
        3,
        4,
        0
      ],
      "distance": 396.2712756803477
    }
  },
  {
    "problem_id": "tsp_5_14",
    "size": 5,
    "prompt": "You are solving a Traveling Salesperson Problem (TSP). Your goal is to find the shortest possible route that visits each city exactly once and returns to the starting city.\n\n## Problem Setup\nGiven 5 nodes with coordinates:\nNode: 0: (2, -8)\nNode: 1: (-44, -65)\nNode: 2: (30, 26)\nNode: 3: (-77, 93)\nNode: 4: (-88, -72)\n\n\n## Distance Matrix\nThe matrix below shows the distance between each pair of nodes:\n           0     1     2     3     4\n0       0.0  73.2  44.0 128.2 110.4\n1      73.2   0.0 117.3 161.4  44.6\n2      44.0 117.3   0.0 126.2 153.4\n3     128.2 161.4 126.2   0.0 165.4\n4     110.4  44.6 153.4 165.4   0.0 \n\n\n## Previous Solutions\nThese routes have already been tried:\nRoute: 0,4,2,3,1,0 with total length: 625\nRoute: 0,2,4,3,1,0 with total length: 597\nRoute: 0,2,3,4,1,0 with total length: 453\n\n\n## Requirements\n- Start and end at node 0\n- Visit each node exactly once before returning to node 0\n- Provide a route with a total distance lower than 453\n- Your solution must be different from the previous routes\n\n## Output Format\nThink through your approach step by step, showing your calculations. Then provide your final solution in exactly this format:\n<answer>0,X,X,X,X,X,X,X,X,X,0</answer>",
    "solution": {
      "path": [
        0,
        1,
        4,
        3,
        2,
        0
      ],
      "distance": 453.4569823910838
    }
  },
  {
    "problem_id": "tsp_5_15",
    "size": 5,
    "prompt": "You are solving a Traveling Salesperson Problem (TSP). Your goal is to find the shortest possible route that visits each city exactly once and returns to the starting city.\n\n## Problem Setup\nGiven 5 nodes with coordinates:\nNode: 0: (-61, 60)\nNode: 1: (-60, 74)\nNode: 2: (8, 52)\nNode: 3: (-84, -2)\nNode: 4: (-3, 52)\n\n\n## Distance Matrix\nThe matrix below shows the distance between each pair of nodes:\n           0     1     2     3     4\n0       0.0  14.0  69.5  66.1  58.5\n1      14.0   0.0  71.5  79.7  61.1\n2      69.5  71.5   0.0 106.7  11.0\n3      66.1  79.7 106.7   0.0  97.3\n4      58.5  61.1  11.0  97.3   0.0 \n\n\n## Previous Solutions\nThese routes have already been tried:\nRoute: 0,4,1,3,2,0 with total length: 375\nRoute: 0,1,4,3,2,0 with total length: 349\nRoute: 0,1,3,4,2,0 with total length: 272\n\n\n## Requirements\n- Start and end at node 0\n- Visit each node exactly once before returning to node 0\n- Provide a route with a total distance lower than 272\n- Your solution must be different from the previous routes\n\n## Output Format\nThink through your approach step by step, showing your calculations. Then provide your final solution in exactly this format:\n<answer>0,X,X,X,X,X,X,X,X,X,0</answer>",
    "solution": {
      "path": [
        0,
        1,
        4,
        2,
        3,
        0
      ],
      "distance": 258.93969562339714
    }
  },
  {
    "problem_id": "tsp_5_16",
    "size": 5,
    "prompt": "You are solving a Traveling Salesperson Problem (TSP). Your goal is to find the shortest possible route that visits each city exactly once and returns to the starting city.\n\n## Problem Setup\nGiven 5 nodes with coordinates:\nNode: 0: (19, 35)\nNode: 1: (-36, 41)\nNode: 2: (-98, 74)\nNode: 3: (84, -71)\nNode: 4: (74, 37)\n\n\n## Distance Matrix\nThe matrix below shows the distance between each pair of nodes:\n           0     1     2     3     4\n0       0.0  55.3 123.3 124.3  55.0\n1      55.3   0.0  70.2 164.1 110.1\n2     123.3  70.2   0.0 232.7 175.9\n3     124.3 164.1 232.7   0.0 108.5\n4      55.0 110.1 175.9 108.5   0.0 \n\n\n## Previous Solutions\nThese routes have already been tried:\nRoute: 0,1,4,2,3,0 with total length: 698\nRoute: 0,2,3,4,1,0 with total length: 630\nRoute: 0,1,2,3,4,0 with total length: 522\n\n\n## Requirements\n- Start and end at node 0\n- Visit each node exactly once before returning to node 0\n- Provide a route with a total distance lower than 522\n- Your solution must be different from the previous routes\n\n## Output Format\nThink through your approach step by step, showing your calculations. Then provide your final solution in exactly this format:\n<answer>0,X,X,X,X,X,X,X,X,X,0</answer>",
    "solution": {
      "path": [
        0,
        2,
        1,
        3,
        4,
        0
      ],
      "distance": 521.2087502535619
    }
  },
  {
    "problem_id": "tsp_5_17",
    "size": 5,
    "prompt": "You are solving a Traveling Salesperson Problem (TSP). Your goal is to find the shortest possible route that visits each city exactly once and returns to the starting city.\n\n## Problem Setup\nGiven 5 nodes with coordinates:\nNode: 0: (92, -32)\nNode: 1: (96, 64)\nNode: 2: (-13, -72)\nNode: 3: (-25, 11)\nNode: 4: (-60, 16)\n\n\n## Distance Matrix\nThe matrix below shows the distance between each pair of nodes:\n           0     1     2     3     4\n0       0.0  96.1 112.4 124.7 159.4\n1      96.1   0.0 174.3 132.1 163.2\n2     112.4 174.3   0.0  83.9  99.8\n3     124.7 132.1  83.9   0.0  35.4\n4     159.4 163.2  99.8  35.4   0.0 \n\n\n## Previous Solutions\nThese routes have already been tried:\nRoute: 0,4,1,3,2,0 with total length: 651\nRoute: 0,3,4,2,1,0 with total length: 530\nRoute: 0,2,3,4,1,0 with total length: 491\n\n\n## Requirements\n- Start and end at node 0\n- Visit each node exactly once before returning to node 0\n- Provide a route with a total distance lower than 491\n- Your solution must be different from the previous routes\n\n## Output Format\nThink through your approach step by step, showing your calculations. Then provide your final solution in exactly this format:\n<answer>0,X,X,X,X,X,X,X,X,X,0</answer>",
    "solution": {
      "path": [
        0,
        1,
        3,
        4,
        2,
        0
      ],
      "distance": 475.6628328866859
    }
  },
  {
    "problem_id": "tsp_5_18",
    "size": 5,
    "prompt": "You are solving a Traveling Salesperson Problem (TSP). Your goal is to find the shortest possible route that visits each city exactly once and returns to the starting city.\n\n## Problem Setup\nGiven 5 nodes with coordinates:\nNode: 0: (-100, 84)\nNode: 1: (84, -33)\nNode: 2: (28, 95)\nNode: 3: (-55, 29)\nNode: 4: (-73, 60)\n\n\n## Distance Matrix\nThe matrix below shows the distance between each pair of nodes:\n           0     1     2     3     4\n0       0.0 218.0 128.5  71.1  36.1\n1     218.0   0.0 139.7 152.2 182.5\n2     128.5 139.7   0.0 106.0 106.9\n3      71.1 152.2 106.0   0.0  35.8\n4      36.1 182.5 106.9  35.8   0.0 \n\n\n## Previous Solutions\nThese routes have already been tried:\nRoute: 0,2,4,1,3,0 with total length: 641\nRoute: 0,1,2,4,3,0 with total length: 572\nRoute: 0,4,3,1,2,0 with total length: 492\n\n\n## Requirements\n- Start and end at node 0\n- Visit each node exactly once before returning to node 0\n- Provide a route with a total distance lower than 492\n- Your solution must be different from the previous routes\n\n## Output Format\nThink through your approach step by step, showing your calculations. Then provide your final solution in exactly this format:\n<answer>0,X,X,X,X,X,X,X,X,X,0</answer>",
    "solution": {
      "path": [
        0,
        2,
        1,
        3,
        4,
        0
      ],
      "distance": 492.3579863761505
    }
  },
  {
    "problem_id": "tsp_5_19",
    "size": 5,
    "prompt": "You are solving a Traveling Salesperson Problem (TSP). Your goal is to find the shortest possible route that visits each city exactly once and returns to the starting city.\n\n## Problem Setup\nGiven 5 nodes with coordinates:\nNode: 0: (-24, 63)\nNode: 1: (29, 55)\nNode: 2: (-50, -61)\nNode: 3: (-5, 95)\nNode: 4: (-59, 38)\n\n\n## Distance Matrix\nThe matrix below shows the distance between each pair of nodes:\n           0     1     2     3     4\n0       0.0  53.6 126.7  37.2  43.0\n1      53.6   0.0 140.3  52.5  89.6\n2     126.7 140.3   0.0 162.4  99.4\n3      37.2  52.5 162.4   0.0  78.5\n4      43.0  89.6  99.4  78.5   0.0 \n\n\n## Previous Solutions\nThese routes have already been tried:\nRoute: 0,4,1,3,2,0 with total length: 474\nRoute: 0,2,3,1,4,0 with total length: 474\nRoute: 0,3,2,1,4,0 with total length: 473\n\n\n## Requirements\n- Start and end at node 0\n- Visit each node exactly once before returning to node 0\n- Provide a route with a total distance lower than 473\n- Your solution must be different from the previous routes\n\n## Output Format\nThink through your approach step by step, showing your calculations. Then provide your final solution in exactly this format:\n<answer>0,X,X,X,X,X,X,X,X,X,0</answer>",
    "solution": {
      "path": [
        0,
        3,
        1,
        2,
        4,
        0
      ],
      "distance": 372.47908362716714
    }
  },
  {
    "problem_id": "tsp_5_20",
    "size": 5,
    "prompt": "You are solving a Traveling Salesperson Problem (TSP). Your goal is to find the shortest possible route that visits each city exactly once and returns to the starting city.\n\n## Problem Setup\nGiven 5 nodes with coordinates:\nNode: 0: (99, 35)\nNode: 1: (-100, 53)\nNode: 2: (-18, 25)\nNode: 3: (-96, -72)\nNode: 4: (-8, -22)\n\n\n## Distance Matrix\nThe matrix below shows the distance between each pair of nodes:\n           0     1     2     3     4\n0       0.0 199.8 117.4 222.4 121.2\n1     199.8   0.0  86.6 125.1 118.7\n2     117.4  86.6   0.0 124.5  48.1\n3     222.4 125.1 124.5   0.0 101.2\n4     121.2 118.7  48.1 101.2   0.0 \n\n\n## Previous Solutions\nThese routes have already been tried:\nRoute: 0,1,4,2,3,0 with total length: 713\nRoute: 0,4,2,3,1,0 with total length: 619\nRoute: 0,2,1,3,4,0 with total length: 552\n\n\n## Requirements\n- Start and end at node 0\n- Visit each node exactly once before returning to node 0\n- Provide a route with a total distance lower than 552\n- Your solution must be different from the previous routes\n\n## Output Format\nThink through your approach step by step, showing your calculations. Then provide your final solution in exactly this format:\n<answer>0,X,X,X,X,X,X,X,X,X,0</answer>",
    "solution": {
      "path": [
        0,
        2,
        1,
        3,
        4,
        0
      ],
      "distance": 551.5872283353358
    }
  },
  {
    "problem_id": "tsp_5_21",
    "size": 5,
    "prompt": "You are solving a Traveling Salesperson Problem (TSP). Your goal is to find the shortest possible route that visits each city exactly once and returns to the starting city.\n\n## Problem Setup\nGiven 5 nodes with coordinates:\nNode: 0: (-39, -86)\nNode: 1: (-39, 45)\nNode: 2: (-80, -79)\nNode: 3: (87, 24)\nNode: 4: (-83, 94)\n\n\n## Distance Matrix\nThe matrix below shows the distance between each pair of nodes:\n           0     1     2     3     4\n0       0.0 131.0  41.6 167.3 185.3\n1     131.0   0.0 130.6 127.7  65.9\n2      41.6 130.6   0.0 196.2 173.0\n3     167.3 127.7 196.2   0.0 183.8\n4     185.3  65.9 173.0 183.8   0.0 \n\n\n## Previous Solutions\nThese routes have already been tried:\nRoute: 0,3,2,4,1,0 with total length: 733\nRoute: 0,3,4,1,2,0 with total length: 589\nRoute: 0,2,4,1,3,0 with total length: 575\n\n\n## Requirements\n- Start and end at node 0\n- Visit each node exactly once before returning to node 0\n- Provide a route with a total distance lower than 575\n- Your solution must be different from the previous routes\n\n## Output Format\nThink through your approach step by step, showing your calculations. Then provide your final solution in exactly this format:\n<answer>0,X,X,X,X,X,X,X,X,X,0</answer>",
    "solution": {
      "path": [
        0,
        2,
        4,
        1,
        3,
        0
      ],
      "distance": 575.4734709484744
    }
  },
  {
    "problem_id": "tsp_5_22",
    "size": 5,
    "prompt": "You are solving a Traveling Salesperson Problem (TSP). Your goal is to find the shortest possible route that visits each city exactly once and returns to the starting city.\n\n## Problem Setup\nGiven 5 nodes with coordinates:\nNode: 0: (36, 96)\nNode: 1: (-68, -68)\nNode: 2: (68, 21)\nNode: 3: (40, -58)\nNode: 4: (-33, 35)\n\n\n## Distance Matrix\nThe matrix below shows the distance between each pair of nodes:\n           0     1     2     3     4\n0       0.0 194.2  81.5 154.1  92.1\n1     194.2   0.0 162.5 108.5 108.8\n2      81.5 162.5   0.0  83.8 102.0\n3     154.1 108.5  83.8   0.0 118.2\n4      92.1 108.8 102.0 118.2   0.0 \n\n\n## Previous Solutions\nThese routes have already been tried:\nRoute: 0,3,4,2,1,0 with total length: 731\nRoute: 0,4,1,2,3,0 with total length: 601\nRoute: 0,3,1,4,2,0 with total length: 555\n\n\n## Requirements\n- Start and end at node 0\n- Visit each node exactly once before returning to node 0\n- Provide a route with a total distance lower than 555\n- Your solution must be different from the previous routes\n\n## Output Format\nThink through your approach step by step, showing your calculations. Then provide your final solution in exactly this format:\n<answer>0,X,X,X,X,X,X,X,X,X,0</answer>",
    "solution": {
      "path": [
        0,
        2,
        3,
        1,
        4,
        0
      ],
      "distance": 474.7006126618411
    }
  },
  {
    "problem_id": "tsp_5_23",
    "size": 5,
    "prompt": "You are solving a Traveling Salesperson Problem (TSP). Your goal is to find the shortest possible route that visits each city exactly once and returns to the starting city.\n\n## Problem Setup\nGiven 5 nodes with coordinates:\nNode: 0: (55, 8)\nNode: 1: (-46, 38)\nNode: 2: (93, 86)\nNode: 3: (76, -49)\nNode: 4: (82, -21)\n\n\n## Distance Matrix\nThe matrix below shows the distance between each pair of nodes:\n           0     1     2     3     4\n0       0.0 105.4  86.8  60.7  39.6\n1     105.4   0.0 147.1 149.8 140.9\n2      86.8 147.1   0.0 136.1 107.6\n3      60.7 149.8 136.1   0.0  28.6\n4      39.6 140.9 107.6  28.6   0.0 \n\n\n## Previous Solutions\nThese routes have already been tried:\nRoute: 0,1,3,2,4,0 with total length: 538\nRoute: 0,2,3,4,1,0 with total length: 498\nRoute: 0,2,4,3,1,0 with total length: 478\n\n\n## Requirements\n- Start and end at node 0\n- Visit each node exactly once before returning to node 0\n- Provide a route with a total distance lower than 478\n- Your solution must be different from the previous routes\n\n## Output Format\nThink through your approach step by step, showing your calculations. Then provide your final solution in exactly this format:\n<answer>0,X,X,X,X,X,X,X,X,X,0</answer>",
    "solution": {
      "path": [
        0,
        1,
        2,
        4,
        3,
        0
      ],
      "distance": 449.36064170685256
    }
  },
  {
    "problem_id": "tsp_5_24",
    "size": 5,
    "prompt": "You are solving a Traveling Salesperson Problem (TSP). Your goal is to find the shortest possible route that visits each city exactly once and returns to the starting city.\n\n## Problem Setup\nGiven 5 nodes with coordinates:\nNode: 0: (2, 71)\nNode: 1: (66, -5)\nNode: 2: (12, 32)\nNode: 3: (15, -70)\nNode: 4: (-37, -43)\n\n\n## Distance Matrix\nThe matrix below shows the distance between each pair of nodes:\n           0     1     2     3     4\n0       0.0  99.4  40.3 141.6 120.5\n1      99.4   0.0  65.5  82.6 109.8\n2      40.3  65.5   0.0 102.0  89.6\n3     141.6  82.6 102.0   0.0  58.6\n4     120.5 109.8  89.6  58.6   0.0 \n\n\n## Previous Solutions\nThese routes have already been tried:\nRoute: 0,1,3,2,4,0 with total length: 494\nRoute: 0,3,1,4,2,0 with total length: 464\n\n\n## Requirements\n- Start and end at node 0\n- Visit each node exactly once before returning to node 0\n- Provide a route with a total distance lower than 464\n- Your solution must be different from the previous routes\n\n## Output Format\nThink through your approach step by step, showing your calculations. Then provide your final solution in exactly this format:\n<answer>0,X,X,X,X,X,X,X,X,X,0</answer>",
    "solution": {
      "path": [
        0,
        4,
        3,
        1,
        2,
        0
      ],
      "distance": 367.4194880068469
    }
  },
  {
    "problem_id": "tsp_10_0",
    "size": 10,
    "prompt": "You are solving a Traveling Salesperson Problem (TSP). Your goal is to find the shortest possible route that visits each city exactly once and returns to the starting city.\n\n## Problem Setup\nGiven 10 nodes with coordinates:\nNode: 0: (-84, -14)\nNode: 1: (-95, 50)\nNode: 2: (41, -42)\nNode: 3: (50, -44)\nNode: 4: (-99, -82)\nNode: 5: (81, 61)\nNode: 6: (-85, -42)\nNode: 7: (-83, -92)\nNode: 8: (-16, -82)\nNode: 9: (31, -40)\n\n\n## Distance Matrix\nThe matrix below shows the distance between each pair of nodes:\n           0     1     2     3     4     5     6     7     8     9\n0       0.0  64.9 128.1 137.3  69.6 181.2  28.0  78.0  96.2 117.9\n1      64.9   0.0 164.2 172.8 132.1 176.3  92.5 142.5 153.8 154.8\n2     128.1 164.2   0.0   9.2 145.6 110.5 126.0 133.7  69.6  10.2\n3     137.3 172.8   9.2   0.0 153.8 109.5 135.0 141.4  76.2  19.4\n4      69.6 132.1 145.6 153.8   0.0 229.9  42.4  18.9  83.0 136.6\n5     181.2 176.3 110.5 109.5 229.9   0.0 195.4 224.3 172.8 112.7\n6      28.0  92.5 126.0 135.0  42.4 195.4   0.0  50.0  79.8 116.0\n7      78.0 142.5 133.7 141.4  18.9 224.3  50.0   0.0  67.7 125.3\n8      96.2 153.8  69.6  76.2  83.0 172.8  79.8  67.7   0.0  63.0\n9     117.9 154.8  10.2  19.4 136.6 112.7 116.0 125.3  63.0   0.0 \n\n\n## Previous Solutions\nThese routes have already been tried:\nRoute: 0,7,5,3,1,4,8,6,9,2,0 with total length: 1134\nRoute: 0,7,9,8,3,5,6,4,2,1,0 with total length: 1064\nRoute: 0,1,9,5,7,2,8,3,4,6,0 with total length: 1060\n\n\n## Requirements\n- Start and end at node 0\n- Visit each node exactly once before returning to node 0\n- Provide a route with a total distance lower than 1060\n- Your solution must be different from the previous routes\n\n## Output Format\nThink through your approach step by step, showing your calculations. Then provide your final solution in exactly this format:\n<answer>0,X,X,X,X,X,X,X,X,X,0</answer>",
    "solution": {
      "path": [
        0,
        1,
        5,
        3,
        2,
        9,
        8,
        7,
        4,
        6,
        0
      ],
      "distance": 590.2189728849489
    }
  },
  {
    "problem_id": "tsp_10_1",
    "size": 10,
